0.00,	0.000,	0.0000E+0
0.20,	0.001,	0.0000E+0
0.30,	0.002,	0.0000E+0
0.40,	0.003,	0.0000E+0
0.50,	0.003,	0.0000E+0
0.60,	0.004,	0.0000E+0
0.70,	0.005,	1.0000E+0
0.80,	0.006,	0.0000E+0
0.90,	0.007,	0.0000E+0
1.00,	0.007,	0.0000E+0
1.10,	0.008,	0.0000E+0
1.20,	0.009,	0.0000E+0
1.30,	0.010,	0.0000E+0
1.40,	0.010,	1.0000E+0
1.50,	0.011,	2.0000E+0
1.60,	0.012,	1.0000E+0
1.70,	0.013,	1.0000E+0
1.80,	0.014,	1.0000E+0
1.90,	0.015,	1.0000E+0
2.00,	0.015,	2.0000E+0
2.10,	0.016,	1.0000E+0
2.20,	0.017,	1.0000E+0
2.30,	0.018,	1.0000E+0
2.40,	0.019,	2.0000E+0
2.50,	0.020,	2.0000E+0
2.60,	0.021,	2.0000E+0
2.70,	0.022,	3.0000E+0
2.80,	0.022,	2.0000E+0
2.90,	0.023,	2.0000E+0
3.00,	0.024,	2.0000E+0
3.10,	0.025,	2.0000E+0
3.20,	0.025,	3.0000E+0
3.30,	0.026,	2.0000E+0
3.40,	0.027,	3.0000E+0
3.50,	0.028,	3.0000E+0
3.60,	0.029,	3.0000E+0
3.70,	0.029,	4.0000E+0
3.80,	0.030,	4.0000E+0
3.90,	0.031,	4.0000E+0
4.00,	0.032,	5.0000E+0
4.10,	0.033,	4.0000E+0
4.20,	0.034,	3.0000E+0
4.30,	0.035,	5.0000E+0
4.40,	0.036,	5.0000E+0
4.50,	0.036,	5.0000E+0
4.60,	0.037,	4.0000E+0
4.70,	0.038,	4.0000E+0
4.80,	0.039,	5.0000E+0
4.90,	0.040,	5.0000E+0
5.00,	0.040,	5.0000E+0
5.10,	0.041,	4.0000E+0
5.20,	0.042,	4.0000E+0
5.30,	0.043,	5.0000E+0
5.40,	0.043,	5.0000E+0
5.50,	0.044,	6.0000E+0
5.60,	0.045,	5.0000E+0
5.70,	0.046,	5.0000E+0
5.80,	0.047,	5.0000E+0
5.90,	0.048,	7.0000E+0
6.00,	0.049,	6.0000E+0
6.10,	0.050,	6.0000E+0
6.20,	0.051,	6.0000E+0
6.30,	0.051,	6.0000E+0
6.40,	0.052,	6.0000E+0
6.50,	0.053,	6.0000E+0
6.60,	0.054,	5.0000E+0
6.70,	0.054,	6.0000E+0
6.80,	0.055,	6.0000E+0
6.90,	0.056,	6.0000E+0
7.00,	0.057,	7.0000E+0
7.10,	0.058,	7.0000E+0
7.20,	0.058,	7.0000E+0
7.30,	0.059,	7.0000E+0
7.40,	0.060,	7.0000E+0
7.50,	0.061,	7.0000E+0
7.60,	0.062,	8.0000E+0
7.70,	0.063,	7.0000E+0
7.80,	0.064,	8.0000E+0
7.90,	0.065,	8.0000E+0
8.00,	0.065,	8.0000E+0
8.10,	0.066,	8.0000E+0
8.20,	0.067,	8.0000E+0
8.30,	0.068,	9.0000E+0
8.40,	0.069,	9.0000E+0
8.50,	0.069,	9.0000E+0
8.60,	0.070,	9.0000E+0
8.70,	0.071,	1.0000E+1
8.80,	0.072,	9.0000E+0
8.90,	0.072,	9.0000E+0
9.00,	0.073,	9.0000E+0
9.10,	0.074,	9.0000E+0
9.20,	0.075,	1.0000E+1
9.30,	0.076,	1.0000E+1
9.40,	0.077,	1.0000E+1
9.50,	0.078,	1.0000E+1
9.60,	0.079,	1.0000E+1
9.70,	0.080,	1.0000E+1
9.80,	0.080,	1.0000E+1
9.90,	0.081,	1.0000E+1
10.00,	0.082,	1.0000E+1
10.10,	0.083,	1.0000E+1
10.20,	0.084,	1.1000E+1
10.30,	0.085,	1.1000E+1
10.40,	0.085,	1.2000E+1
10.50,	0.086,	1.1000E+1
10.60,	0.087,	1.0000E+1
10.70,	0.088,	1.1000E+1
10.80,	0.088,	1.1000E+1
10.90,	0.089,	1.2000E+1
11.00,	0.090,	1.2000E+1
11.10,	0.091,	1.0000E+1
11.20,	0.092,	1.2000E+1
11.30,	0.093,	1.2000E+1
11.40,	0.094,	1.2000E+1
11.50,	0.094,	1.2000E+1
11.60,	0.095,	1.2000E+1
11.70,	0.096,	1.1000E+1
11.80,	0.097,	1.2000E+1
11.90,	0.098,	1.2000E+1
12.00,	0.099,	1.3000E+1
12.10,	0.100,	1.3000E+1
12.20,	0.100,	1.2000E+1
12.30,	0.101,	1.3000E+1
12.40,	0.102,	1.3000E+1
12.50,	0.102,	1.3000E+1
12.60,	0.103,	1.3000E+1
12.70,	0.104,	1.4000E+1
12.80,	0.105,	1.5000E+1
12.90,	0.106,	1.4000E+1
13.00,	0.106,	1.3000E+1
13.10,	0.107,	1.4000E+1
13.20,	0.108,	1.4000E+1
13.30,	0.109,	1.4000E+1
13.40,	0.110,	1.4000E+1
13.50,	0.111,	1.4000E+1
13.60,	0.112,	1.5000E+1
13.70,	0.113,	1.4000E+1
13.80,	0.114,	1.4000E+1
13.90,	0.114,	1.4000E+1
14.00,	0.115,	1.5000E+1
14.10,	0.116,	1.5000E+1
14.20,	0.117,	1.5000E+1
14.30,	0.117,	1.5000E+1
14.40,	0.118,	1.5000E+1
14.50,	0.119,	1.6000E+1
14.60,	0.120,	1.5000E+1
14.70,	0.121,	1.5000E+1
14.80,	0.121,	1.5000E+1
14.90,	0.122,	1.5000E+1
15.00,	0.123,	1.6000E+1
15.10,	0.124,	1.5000E+1
15.20,	0.125,	1.6000E+1
15.30,	0.126,	1.6000E+1
15.40,	0.127,	1.6000E+1
15.50,	0.128,	1.7000E+1
15.60,	0.128,	1.7000E+1
15.70,	0.129,	1.7000E+1
15.80,	0.130,	1.6000E+1
15.90,	0.131,	1.7000E+1
16.00,	0.132,	1.6000E+1
16.10,	0.132,	1.7000E+1
16.20,	0.133,	1.7000E+1
16.30,	0.134,	1.8000E+1
16.40,	0.134,	1.7000E+1
16.50,	0.135,	1.8000E+1
16.60,	0.136,	1.7000E+1
16.70,	0.137,	1.8000E+1
16.80,	0.138,	1.8000E+1
16.90,	0.139,	1.8000E+1
17.00,	0.140,	1.8000E+1
17.10,	0.140,	1.8000E+1
17.20,	0.141,	1.9000E+1
17.30,	0.142,	1.9000E+1
17.40,	0.143,	1.9000E+1
17.50,	0.144,	1.9000E+1
17.60,	0.145,	1.8000E+1
17.70,	0.146,	1.8000E+1
17.80,	0.146,	1.9000E+1
17.90,	0.147,	1.9000E+1
18.00,	0.148,	1.9000E+1
18.10,	0.149,	1.8000E+1
18.20,	0.149,	1.9000E+1
18.30,	0.150,	1.9000E+1
18.40,	0.151,	1.9000E+1
18.50,	0.152,	1.9000E+1
18.60,	0.153,	2.0000E+1
18.70,	0.154,	2.0000E+1
18.80,	0.154,	2.0000E+1
18.90,	0.155,	2.1000E+1
19.00,	0.156,	2.1000E+1
19.10,	0.157,	2.0000E+1
19.20,	0.158,	2.0000E+1
19.30,	0.159,	2.0000E+1
19.40,	0.160,	2.0000E+1
19.50,	0.161,	2.2000E+1
19.60,	0.161,	2.0000E+1
19.70,	0.162,	2.1000E+1
19.80,	0.163,	2.1000E+1
19.90,	0.164,	2.2000E+1
20.00,	0.164,	2.1000E+1
20.10,	0.165,	2.1000E+1
20.20,	0.166,	2.2000E+1
20.30,	0.167,	2.2000E+1
20.40,	0.168,	2.2000E+1
20.50,	0.169,	2.2000E+1
20.60,	0.169,	2.2000E+1
20.70,	0.170,	2.2000E+1
20.80,	0.171,	2.2000E+1
20.90,	0.172,	2.2000E+1
21.00,	0.173,	2.4000E+1
21.10,	0.174,	2.3000E+1
21.20,	0.175,	2.4000E+1
21.30,	0.176,	2.4000E+1
21.40,	0.176,	2.3000E+1
21.50,	0.177,	2.3000E+1
21.60,	0.178,	2.4000E+1
21.70,	0.179,	2.4000E+1
21.80,	0.180,	2.4000E+1
21.90,	0.180,	2.3000E+1
22.00,	0.181,	2.4000E+1
22.10,	0.182,	2.3000E+1
22.20,	0.183,	2.3000E+1
22.30,	0.184,	2.4000E+1
22.40,	0.185,	2.5000E+1
22.50,	0.185,	2.4000E+1
22.60,	0.186,	2.5000E+1
22.70,	0.187,	2.5000E+1
22.80,	0.188,	2.5000E+1
22.90,	0.189,	2.4000E+1
23.00,	0.190,	2.4000E+1
23.10,	0.191,	2.5000E+1
23.20,	0.192,	2.4000E+1
23.30,	0.192,	2.5000E+1
23.40,	0.193,	2.5000E+1
23.50,	0.194,	2.6000E+1
23.60,	0.195,	2.5000E+1
23.70,	0.195,	2.6000E+1
23.80,	0.196,	2.6000E+1
23.90,	0.197,	2.5000E+1
24.00,	0.198,	2.6000E+1
24.10,	0.199,	2.5000E+1
24.20,	0.199,	2.6000E+1
24.30,	0.200,	2.6000E+1
24.40,	0.201,	2.6000E+1
24.50,	0.202,	2.6000E+1
24.60,	0.203,	2.6000E+1
24.70,	0.204,	2.6000E+1
24.80,	0.205,	2.6000E+1
24.90,	0.206,	2.7000E+1
25.00,	0.207,	2.8000E+1
25.10,	0.207,	2.7000E+1
25.20,	0.208,	2.7000E+1
25.30,	0.209,	2.7000E+1
25.40,	0.210,	2.8000E+1
25.50,	0.211,	2.7000E+1
25.60,	0.211,	2.8000E+1
25.70,	0.212,	2.8000E+1
25.80,	0.213,	2.8000E+1
25.90,	0.214,	2.8000E+1
26.00,	0.215,	2.8000E+1
26.10,	0.215,	2.8000E+1
26.20,	0.216,	2.8000E+1
26.30,	0.217,	2.8000E+1
26.40,	0.218,	2.8000E+1
26.50,	0.219,	2.8000E+1
26.60,	0.220,	2.8000E+1
26.70,	0.221,	2.8000E+1
26.80,	0.222,	2.9000E+1
26.90,	0.222,	2.9000E+1
27.00,	0.223,	2.9000E+1
27.10,	0.224,	2.9000E+1
27.20,	0.225,	2.9000E+1
27.30,	0.226,	2.9000E+1
27.40,	0.227,	3.0000E+1
27.50,	0.227,	2.9000E+1
27.60,	0.228,	2.9000E+1
27.70,	0.229,	3.0000E+1
27.80,	0.230,	3.0000E+1
27.90,	0.230,	3.0000E+1
28.00,	0.231,	2.9000E+1
28.10,	0.232,	3.0000E+1
28.20,	0.233,	3.0000E+1
28.30,	0.234,	3.0000E+1
28.40,	0.235,	3.1000E+1
28.50,	0.236,	3.0000E+1
28.60,	0.237,	3.0000E+1
28.70,	0.238,	3.0000E+1
28.80,	0.238,	3.1000E+1
28.90,	0.239,	3.1000E+1
29.00,	0.240,	3.1000E+1
29.10,	0.241,	3.2000E+1
29.20,	0.242,	3.1000E+1
29.30,	0.243,	3.2000E+1
29.40,	0.243,	3.2000E+1
29.50,	0.244,	3.1000E+1
29.60,	0.245,	3.1000E+1
29.70,	0.246,	3.2000E+1
29.80,	0.247,	3.1000E+1
29.90,	0.247,	3.3000E+1
30.00,	0.248,	3.2000E+1
30.10,	0.249,	3.2000E+1
30.20,	0.250,	3.3000E+1
30.30,	0.251,	3.3000E+1
30.40,	0.252,	3.3000E+1
30.50,	0.253,	3.2000E+1
30.60,	0.254,	3.3000E+1
30.70,	0.255,	3.4000E+1
30.80,	0.255,	3.4000E+1
30.90,	0.256,	3.3000E+1
31.00,	0.257,	3.3000E+1
31.10,	0.258,	3.3000E+1
31.20,	0.258,	3.4000E+1
31.30,	0.259,	3.4000E+1
31.40,	0.260,	3.4000E+1
31.50,	0.261,	3.4000E+1
31.60,	0.262,	3.5000E+1
31.70,	0.262,	3.4000E+1
31.80,	0.263,	3.5000E+1
31.90,	0.264,	3.3000E+1
32.00,	0.265,	3.5000E+1
32.10,	0.266,	3.4000E+1
32.20,	0.267,	3.5000E+1
32.30,	0.268,	3.4000E+1
32.40,	0.269,	3.5000E+1
32.50,	0.269,	3.4000E+1
32.60,	0.270,	3.5000E+1
32.70,	0.271,	3.6000E+1
32.80,	0.272,	3.6000E+1
32.90,	0.273,	3.6000E+1
33.00,	0.273,	3.5000E+1
33.10,	0.274,	3.5000E+1
33.20,	0.275,	3.5000E+1
33.30,	0.276,	3.6000E+1
33.40,	0.277,	3.6000E+1
33.50,	0.277,	3.5000E+1
33.60,	0.278,	3.7000E+1
33.70,	0.279,	3.6000E+1
33.80,	0.280,	3.7000E+1
33.90,	0.281,	3.7000E+1
34.00,	0.282,	3.6000E+1
34.10,	0.283,	3.6000E+1
34.20,	0.284,	3.7000E+1
34.30,	0.285,	3.6000E+1
34.40,	0.285,	3.7000E+1
34.50,	0.286,	3.6000E+1
34.60,	0.287,	3.7000E+1
34.70,	0.288,	3.7000E+1
34.80,	0.289,	3.7000E+1
34.90,	0.289,	3.7000E+1
35.00,	0.290,	3.8000E+1
35.10,	0.291,	3.7000E+1
35.20,	0.292,	3.7000E+1
35.30,	0.292,	3.8000E+1
35.40,	0.293,	3.9000E+1
35.50,	0.294,	3.9000E+1
35.60,	0.295,	3.9000E+1
35.70,	0.296,	3.8000E+1
35.80,	0.297,	3.9000E+1
35.90,	0.298,	3.8000E+1
36.00,	0.299,	3.9000E+1
36.10,	0.299,	3.9000E+1
36.20,	0.300,	3.9000E+1
36.30,	0.301,	3.9000E+1
36.40,	0.302,	3.9000E+1
36.50,	0.303,	4.0000E+1
36.60,	0.304,	3.9000E+1
36.70,	0.304,	3.9000E+1
36.80,	0.305,	4.0000E+1
36.90,	0.306,	4.0000E+1
37.00,	0.307,	4.0000E+1
37.10,	0.307,	3.9000E+1
37.20,	0.308,	4.0000E+1
37.30,	0.309,	4.0000E+1
37.40,	0.310,	4.1000E+1
37.50,	0.311,	4.0000E+1
37.60,	0.312,	4.0000E+1
37.70,	0.313,	4.0000E+1
37.80,	0.314,	4.0000E+1
37.90,	0.315,	4.1000E+1
38.00,	0.315,	4.1000E+1
38.10,	0.316,	4.1000E+1
38.20,	0.317,	4.1000E+1
38.30,	0.318,	4.2000E+1
38.40,	0.319,	4.2000E+1
38.50,	0.319,	4.0000E+1
38.60,	0.320,	4.1000E+1
38.70,	0.321,	4.2000E+1
38.80,	0.322,	4.1000E+1
38.90,	0.322,	4.2000E+1
39.00,	0.323,	4.2000E+1
39.10,	0.324,	4.1000E+1
39.20,	0.325,	4.2000E+1
39.30,	0.326,	4.2000E+1
39.40,	0.327,	4.2000E+1
39.50,	0.327,	4.3000E+1
39.60,	0.328,	4.3000E+1
39.70,	0.329,	4.2000E+1
39.80,	0.330,	4.2000E+1
39.90,	0.331,	4.3000E+1
40.00,	0.332,	4.3000E+1
40.10,	0.333,	4.3000E+1
40.20,	0.333,	4.3000E+1
40.30,	0.334,	4.4000E+1
40.40,	0.335,	4.4000E+1
40.50,	0.336,	4.4000E+1
40.60,	0.337,	4.4000E+1
40.70,	0.337,	4.4000E+1
40.80,	0.338,	4.3000E+1
40.90,	0.339,	4.4000E+1
41.00,	0.340,	4.4000E+1
41.10,	0.341,	4.4000E+1
41.20,	0.342,	4.5000E+1
41.30,	0.342,	4.4000E+1
41.40,	0.343,	4.5000E+1
41.50,	0.344,	4.5000E+1
41.60,	0.345,	4.5000E+1
41.70,	0.346,	4.5000E+1
41.80,	0.347,	4.5000E+1
41.90,	0.348,	4.5000E+1
42.00,	0.348,	4.5000E+1
42.10,	0.349,	4.5000E+1
42.20,	0.350,	4.5000E+1
42.30,	0.351,	4.6000E+1
42.40,	0.351,	4.6000E+1
42.50,	0.352,	4.6000E+1
42.60,	0.353,	4.5000E+1
42.70,	0.354,	4.5000E+1
42.80,	0.354,	4.5000E+1
42.90,	0.355,	4.5000E+1
43.00,	0.356,	4.5000E+1
43.10,	0.357,	4.6000E+1
43.20,	0.358,	4.6000E+1
43.30,	0.359,	4.7000E+1
43.40,	0.360,	4.6000E+1
43.50,	0.361,	4.6000E+1
43.60,	0.362,	4.7000E+1
43.70,	0.362,	4.7000E+1
43.80,	0.363,	4.7000E+1
43.90,	0.364,	4.8000E+1
44.00,	0.365,	4.7000E+1
44.10,	0.366,	4.8000E+1
44.20,	0.366,	4.6000E+1
44.30,	0.367,	4.7000E+1
44.40,	0.368,	4.7000E+1
44.50,	0.369,	4.8000E+1
44.60,	0.369,	4.9000E+1
44.70,	0.370,	4.8000E+1
44.80,	0.371,	4.8000E+1
44.90,	0.372,	4.8000E+1
45.00,	0.373,	4.8000E+1
45.10,	0.374,	4.8000E+1
45.20,	0.375,	4.7000E+1
45.30,	0.375,	4.8000E+1
45.40,	0.376,	4.8000E+1
45.50,	0.377,	4.9000E+1
45.60,	0.378,	4.9000E+1
45.70,	0.379,	5.0000E+1
45.80,	0.380,	4.9000E+1
45.90,	0.380,	5.0000E+1
46.00,	0.381,	4.9000E+1
46.10,	0.382,	5.0000E+1
46.20,	0.383,	5.0000E+1
46.30,	0.383,	5.0000E+1
46.40,	0.384,	5.0000E+1
46.50,	0.385,	5.0000E+1
46.60,	0.386,	5.0000E+1
46.70,	0.387,	5.0000E+1
46.80,	0.387,	5.0000E+1
46.90,	0.388,	5.0000E+1
47.00,	0.389,	5.0000E+1
47.10,	0.390,	5.1000E+1
47.20,	0.391,	5.2000E+1
47.30,	0.392,	5.1000E+1
47.40,	0.393,	5.1000E+1
47.50,	0.394,	5.2000E+1
47.60,	0.394,	5.2000E+1
47.70,	0.395,	5.1000E+1
47.80,	0.396,	5.2000E+1
47.90,	0.397,	5.2000E+1
48.00,	0.397,	5.2000E+1
48.10,	0.398,	5.2000E+1
48.20,	0.399,	5.2000E+1
48.30,	0.400,	5.2000E+1
48.40,	0.400,	5.2000E+1
48.50,	0.401,	5.3000E+1
48.60,	0.402,	5.2000E+1
48.70,	0.403,	5.2000E+1
48.80,	0.404,	5.2000E+1
48.90,	0.405,	5.3000E+1
49.00,	0.406,	5.3000E+1
49.10,	0.407,	5.2000E+1
49.20,	0.407,	5.3000E+1
49.30,	0.408,	5.4000E+1
49.40,	0.409,	5.3000E+1
49.50,	0.410,	5.3000E+1
49.60,	0.411,	5.4000E+1
49.70,	0.412,	5.4000E+1
49.80,	0.412,	5.4000E+1
49.90,	0.413,	5.3000E+1
50.00,	0.414,	5.4000E+1
50.10,	0.415,	5.3000E+1
50.20,	0.415,	5.4000E+1
50.30,	0.416,	5.4000E+1
50.40,	0.417,	5.4000E+1
50.50,	0.418,	5.4000E+1
50.60,	0.419,	5.4000E+1
50.70,	0.420,	5.4000E+1
50.80,	0.421,	5.4000E+1
50.90,	0.422,	5.6000E+1
51.00,	0.423,	5.5000E+1
51.10,	0.423,	5.4000E+1
51.20,	0.424,	5.5000E+1
51.30,	0.425,	5.5000E+1
51.40,	0.426,	5.5000E+1
51.50,	0.427,	5.7000E+1
51.60,	0.428,	5.6000E+1
51.70,	0.428,	5.6000E+1
51.80,	0.429,	5.6000E+1
51.90,	0.430,	5.5000E+1
52.00,	0.431,	5.5000E+1
52.10,	0.431,	5.6000E+1
52.20,	0.432,	5.6000E+1
52.30,	0.433,	5.7000E+1
52.40,	0.434,	5.7000E+1
52.50,	0.435,	5.7000E+1
52.60,	0.436,	5.7000E+1
52.70,	0.437,	5.7000E+1
52.80,	0.438,	5.7000E+1
52.90,	0.438,	5.6000E+1
53.00,	0.439,	5.7000E+1
53.10,	0.440,	5.8000E+1
53.20,	0.441,	5.8000E+1
53.30,	0.442,	5.7000E+1
53.40,	0.443,	5.8000E+1
53.50,	0.443,	5.9000E+1
53.60,	0.444,	5.8000E+1
53.70,	0.445,	5.9000E+1
53.80,	0.446,	5.8000E+1
53.90,	0.447,	5.8000E+1
54.00,	0.447,	5.8000E+1
54.10,	0.448,	5.8000E+1
54.20,	0.449,	5.8000E+1
54.30,	0.450,	5.8000E+1
54.40,	0.451,	5.8000E+1
54.50,	0.452,	5.9000E+1
54.60,	0.453,	5.9000E+1
54.70,	0.454,	6.0000E+1
54.80,	0.454,	5.9000E+1
54.90,	0.455,	5.9000E+1
55.00,	0.456,	6.0000E+1
55.10,	0.457,	5.9000E+1
55.20,	0.458,	5.9000E+1
55.30,	0.459,	6.0000E+1
55.40,	0.459,	6.0000E+1
55.50,	0.460,	6.0000E+1
55.60,	0.461,	6.1000E+1
55.70,	0.462,	6.0000E+1
55.80,	0.463,	6.0000E+1
55.90,	0.463,	6.0000E+1
56.00,	0.464,	6.0000E+1
56.10,	0.465,	6.0000E+1
56.20,	0.466,	6.1000E+1
56.30,	0.467,	6.1000E+1
56.40,	0.468,	6.1000E+1
56.50,	0.469,	6.1000E+1
56.60,	0.470,	6.1000E+1
56.70,	0.470,	6.1000E+1
56.80,	0.471,	6.1000E+1
56.90,	0.472,	6.1000E+1
57.00,	0.473,	6.1000E+1
57.10,	0.474,	6.2000E+1
57.20,	0.475,	6.2000E+1
57.30,	0.475,	6.2000E+1
57.40,	0.476,	6.2000E+1
57.50,	0.477,	6.3000E+1
57.60,	0.478,	6.2000E+1
57.70,	0.478,	6.2000E+1
57.80,	0.479,	6.3000E+1
57.90,	0.480,	6.3000E+1
58.00,	0.481,	6.2000E+1
58.10,	0.482,	6.2000E+1
58.20,	0.483,	6.2000E+1
58.30,	0.484,	6.4000E+1
58.40,	0.485,	6.2000E+1
58.50,	0.486,	6.3000E+1
58.60,	0.486,	6.3000E+1
58.70,	0.487,	6.3000E+1
58.80,	0.488,	6.3000E+1
58.90,	0.489,	6.4000E+1
59.00,	0.490,	6.3000E+1
59.10,	0.491,	6.4000E+1
59.20,	0.491,	6.4000E+1
59.30,	0.492,	6.4000E+1
59.40,	0.493,	6.4000E+1
59.50,	0.494,	6.4000E+1
59.60,	0.495,	6.5000E+1
59.70,	0.495,	6.4000E+1
59.80,	0.496,	6.5000E+1
59.90,	0.497,	6.5000E+1
60.00,	0.498,	6.5000E+1
60.10,	0.499,	6.5000E+1
60.20,	0.500,	6.5000E+1
60.30,	0.501,	6.5000E+1
60.40,	0.502,	6.5000E+1
60.50,	0.502,	6.6000E+1
60.60,	0.503,	6.5000E+1
60.70,	0.504,	6.6000E+1
60.80,	0.505,	6.6000E+1
60.90,	0.506,	6.6000E+1
61.00,	0.507,	6.7000E+1
61.10,	0.507,	6.5000E+1
61.20,	0.508,	6.6000E+1
61.30,	0.509,	6.6000E+1
61.40,	0.510,	6.6000E+1
61.50,	0.511,	6.6000E+1
61.60,	0.511,	6.7000E+1
61.70,	0.512,	6.8000E+1
61.80,	0.513,	6.7000E+1
61.90,	0.514,	6.7000E+1
62.00,	0.515,	6.7000E+1
62.10,	0.516,	6.7000E+1
62.20,	0.517,	6.7000E+1
62.30,	0.518,	6.7000E+1
62.40,	0.518,	6.7000E+1
62.50,	0.519,	6.7000E+1
62.60,	0.520,	6.7000E+1
62.70,	0.521,	6.7000E+1
62.80,	0.522,	6.7000E+1
62.90,	0.523,	6.8000E+1
63.00,	0.523,	6.8000E+1
63.10,	0.524,	6.8000E+1
63.20,	0.525,	6.8000E+1
63.30,	0.526,	6.8000E+1
63.40,	0.526,	6.9000E+1
63.50,	0.527,	6.9000E+1
63.60,	0.528,	6.9000E+1
63.70,	0.529,	6.8000E+1
63.80,	0.530,	6.9000E+1
63.90,	0.531,	6.8000E+1
64.00,	0.532,	6.9000E+1
64.10,	0.533,	6.8000E+1
64.20,	0.534,	6.9000E+1
64.30,	0.535,	7.0000E+1
64.40,	0.535,	7.0000E+1
64.50,	0.536,	7.0000E+1
64.60,	0.537,	7.0000E+1
64.70,	0.538,	7.0000E+1
64.80,	0.539,	7.0000E+1
64.90,	0.539,	7.0000E+1
65.00,	0.540,	7.0000E+1
65.10,	0.541,	7.0000E+1
65.20,	0.541,	7.0000E+1
65.30,	0.542,	7.1000E+1
65.40,	0.543,	7.1000E+1
65.50,	0.544,	7.0000E+1
65.60,	0.545,	7.2000E+1
65.70,	0.546,	7.2000E+1
65.80,	0.547,	7.1000E+1
65.90,	0.548,	7.1000E+1
66.00,	0.549,	7.1000E+1
66.10,	0.549,	7.1000E+1
66.20,	0.550,	7.1000E+1
66.30,	0.551,	7.2000E+1
66.40,	0.552,	7.1000E+1
66.50,	0.553,	7.2000E+1
66.60,	0.554,	7.2000E+1
66.70,	0.554,	7.2000E+1
66.80,	0.555,	7.2000E+1
66.90,	0.556,	7.2000E+1
67.00,	0.557,	7.2000E+1
67.10,	0.557,	7.2000E+1
67.20,	0.558,	7.1000E+1
67.30,	0.559,	7.2000E+1
67.40,	0.560,	7.3000E+1
67.50,	0.561,	7.3000E+1
67.60,	0.562,	7.4000E+1
67.70,	0.563,	7.3000E+1
67.80,	0.563,	7.4000E+1
67.90,	0.564,	7.3000E+1
68.00,	0.565,	7.3000E+1
68.10,	0.566,	7.4000E+1
68.20,	0.567,	7.4000E+1
68.30,	0.568,	7.4000E+1
68.40,	0.568,	7.4000E+1
68.50,	0.569,	7.4000E+1
68.60,	0.570,	7.5000E+1
68.70,	0.571,	7.4000E+1
68.80,	0.571,	7.5000E+1
68.90,	0.572,	7.5000E+1
69.00,	0.573,	7.4000E+1
69.10,	0.574,	7.5000E+1
69.20,	0.575,	7.5000E+1
69.30,	0.576,	7.5000E+1
69.40,	0.576,	7.5000E+1
69.50,	0.577,	7.5000E+1
69.60,	0.578,	7.5000E+1
69.70,	0.579,	7.5000E+1
69.80,	0.580,	7.6000E+1
69.90,	0.581,	7.6000E+1
70.00,	0.582,	7.6000E+1
70.10,	0.583,	7.6000E+1
70.20,	0.583,	7.5000E+1
70.30,	0.584,	7.7000E+1
70.40,	0.585,	7.6000E+1
70.50,	0.586,	7.7000E+1
70.60,	0.586,	7.6000E+1
70.70,	0.587,	7.6000E+1
70.80,	0.588,	7.6000E+1
70.90,	0.589,	7.7000E+1
71.00,	0.590,	7.7000E+1
71.10,	0.590,	7.7000E+1
71.20,	0.591,	7.7000E+1
71.30,	0.592,	7.7000E+1
71.40,	0.593,	7.7000E+1
71.50,	0.594,	7.7000E+1
71.60,	0.595,	7.7000E+1
71.70,	0.596,	7.7000E+1
71.80,	0.597,	7.8000E+1
71.90,	0.597,	7.8000E+1
72.00,	0.598,	7.8000E+1
72.10,	0.599,	7.7000E+1
72.20,	0.600,	7.8000E+1
72.30,	0.600,	7.8000E+1
72.40,	0.601,	7.8000E+1
72.50,	0.602,	7.9000E+1
72.60,	0.603,	7.8000E+1
72.70,	0.604,	7.8000E+1
72.80,	0.604,	7.9000E+1
72.90,	0.605,	7.9000E+1
73.00,	0.606,	7.8000E+1
73.10,	0.607,	7.8000E+1
73.20,	0.608,	7.9000E+1
73.30,	0.609,	7.9000E+1
73.40,	0.610,	8.0000E+1
73.50,	0.610,	8.0000E+1
73.60,	0.611,	8.0000E+1
73.70,	0.612,	8.1000E+1
73.80,	0.613,	8.1000E+1
73.90,	0.614,	8.0000E+1
74.00,	0.615,	8.0000E+1
74.10,	0.615,	8.1000E+1
74.20,	0.616,	8.1000E+1
74.30,	0.617,	8.0000E+1
74.40,	0.618,	8.0000E+1
74.50,	0.618,	8.0000E+1
74.60,	0.619,	8.0000E+1
74.70,	0.620,	8.1000E+1
74.80,	0.621,	8.1000E+1
74.90,	0.622,	8.1000E+1
75.00,	0.623,	8.1000E+1
75.10,	0.623,	8.2000E+1
75.20,	0.624,	8.2000E+1
75.30,	0.625,	8.1000E+1
75.40,	0.626,	8.2000E+1
75.50,	0.627,	8.1000E+1
75.60,	0.628,	8.2000E+1
75.70,	0.629,	8.2000E+1
75.80,	0.629,	8.3000E+1
75.90,	0.630,	8.2000E+1
76.00,	0.631,	8.2000E+1
76.10,	0.632,	8.3000E+1
76.20,	0.632,	8.2000E+1
76.30,	0.633,	8.2000E+1
76.40,	0.634,	8.2000E+1
76.50,	0.635,	8.2000E+1
76.60,	0.636,	8.3000E+1
76.70,	0.636,	8.2000E+1
76.80,	0.637,	8.3000E+1
76.90,	0.638,	8.3000E+1
77.00,	0.639,	8.3000E+1
77.10,	0.640,	8.3000E+1
77.20,	0.641,	8.4000E+1
77.30,	0.642,	8.4000E+1
77.40,	0.642,	8.4000E+1
77.50,	0.643,	8.3000E+1
77.60,	0.644,	8.4000E+1
77.70,	0.645,	8.5000E+1
77.80,	0.646,	8.4000E+1
77.90,	0.646,	8.4000E+1
78.00,	0.647,	8.4000E+1
78.10,	0.648,	8.4000E+1
78.20,	0.649,	8.4000E+1
78.30,	0.650,	8.4000E+1
78.40,	0.650,	8.5000E+1
78.50,	0.651,	8.5000E+1
78.60,	0.652,	8.5000E+1
78.70,	0.653,	8.5000E+1
78.80,	0.654,	8.5000E+1
78.90,	0.655,	8.5000E+1
79.00,	0.655,	8.6000E+1
79.10,	0.656,	8.5000E+1
79.20,	0.657,	8.5000E+1
79.30,	0.658,	8.6000E+1
79.40,	0.659,	8.7000E+1
79.50,	0.660,	8.7000E+1
79.60,	0.661,	8.6000E+1
79.70,	0.661,	8.6000E+1
79.80,	0.662,	8.7000E+1
79.90,	0.663,	8.6000E+1
80.00,	0.664,	8.6000E+1
80.10,	0.664,	8.7000E+1
80.20,	0.665,	8.7000E+1
80.30,	0.666,	8.7000E+1
80.40,	0.667,	8.7000E+1
80.50,	0.668,	8.7000E+1
80.60,	0.669,	8.7000E+1
80.70,	0.669,	8.7000E+1
80.80,	0.670,	8.8000E+1
80.90,	0.671,	8.8000E+1
81.00,	0.672,	8.8000E+1
81.10,	0.673,	8.9000E+1
81.20,	0.674,	8.8000E+1
81.30,	0.675,	8.8000E+1
81.40,	0.676,	8.9000E+1
81.50,	0.676,	8.7000E+1
81.60,	0.677,	8.8000E+1
81.70,	0.678,	8.8000E+1
81.80,	0.679,	8.8000E+1
81.90,	0.679,	8.9000E+1
82.00,	0.680,	8.9000E+1
82.10,	0.681,	8.9000E+1
82.20,	0.682,	9.0000E+1
82.30,	0.683,	8.9000E+1
82.40,	0.684,	8.8000E+1
82.50,	0.685,	8.9000E+1
82.60,	0.685,	8.9000E+1
82.70,	0.686,	8.9000E+1
82.80,	0.687,	9.0000E+1
82.90,	0.688,	9.0000E+1
83.00,	0.689,	9.0000E+1
83.10,	0.690,	8.9000E+1
83.20,	0.691,	9.0000E+1
83.30,	0.692,	8.9000E+1
83.40,	0.692,	9.0000E+1
83.50,	0.693,	9.0000E+1
83.60,	0.694,	9.0000E+1
83.70,	0.695,	9.1000E+1
83.80,	0.695,	9.0000E+1
83.90,	0.696,	9.1000E+1
84.00,	0.697,	9.0000E+1
84.10,	0.698,	9.0000E+1
84.20,	0.699,	9.1000E+1
84.30,	0.700,	9.1000E+1
84.40,	0.701,	9.1000E+1
84.50,	0.701,	9.1000E+1
84.60,	0.702,	9.2000E+1
84.70,	0.703,	9.2000E+1
84.80,	0.704,	9.1000E+1
84.90,	0.705,	9.1000E+1
85.00,	0.706,	9.2000E+1
85.10,	0.707,	9.3000E+1
85.20,	0.707,	9.2000E+1
85.30,	0.708,	9.3000E+1
85.40,	0.709,	9.2000E+1
85.50,	0.710,	9.2000E+1
85.60,	0.711,	9.2000E+1
85.70,	0.711,	9.3000E+1
85.80,	0.712,	9.3000E+1
85.90,	0.713,	9.3000E+1
86.00,	0.714,	9.3000E+1
86.10,	0.715,	9.3000E+1
86.20,	0.716,	9.3000E+1
86.30,	0.717,	9.4000E+1
86.40,	0.717,	9.4000E+1
86.50,	0.718,	9.4000E+1
86.60,	0.719,	9.4000E+1
86.70,	0.720,	9.4000E+1
86.80,	0.721,	9.5000E+1
86.90,	0.722,	9.4000E+1
87.00,	0.723,	9.4000E+1
87.10,	0.724,	9.4000E+1
87.20,	0.724,	9.5000E+1
87.30,	0.725,	9.5000E+1
87.40,	0.726,	9.5000E+1
87.50,	0.727,	9.5000E+1
87.60,	0.727,	9.5000E+1
87.70,	0.728,	9.5000E+1
87.80,	0.729,	9.5000E+1
87.90,	0.730,	9.6000E+1
88.00,	0.731,	9.5000E+1
88.10,	0.732,	9.5000E+1
88.20,	0.733,	9.6000E+1
88.30,	0.734,	9.6000E+1
88.40,	0.734,	9.6000E+1
88.50,	0.735,	9.6000E+1
88.60,	0.736,	9.6000E+1
88.70,	0.737,	9.6000E+1
88.80,	0.738,	9.6000E+1
88.90,	0.739,	9.6000E+1
89.00,	0.740,	9.7000E+1
89.10,	0.740,	9.7000E+1
89.20,	0.741,	9.7000E+1
89.30,	0.742,	9.7000E+1
89.40,	0.743,	9.8000E+1
89.50,	0.744,	9.7000E+1
89.60,	0.744,	9.8000E+1
89.70,	0.745,	9.8000E+1
89.80,	0.746,	9.6000E+1
89.90,	0.747,	9.7000E+1
90.00,	0.748,	9.7000E+1
90.10,	0.749,	9.8000E+1
90.20,	0.750,	9.9000E+1
90.30,	0.751,	9.8000E+1
90.40,	0.752,	9.7000E+1
90.50,	0.752,	9.8000E+1
90.60,	0.753,	9.8000E+1
90.70,	0.754,	9.8000E+1
90.80,	0.755,	9.8000E+1
90.90,	0.756,	9.8000E+1
91.00,	0.757,	9.9000E+1
91.10,	0.757,	9.8000E+1
91.20,	0.758,	9.8000E+1
91.30,	0.759,	9.9000E+1
91.40,	0.760,	9.9000E+1
91.50,	0.761,	9.9000E+1
91.60,	0.761,	9.8000E+1
91.70,	0.762,	9.9000E+1
91.80,	0.763,	9.9000E+1
91.90,	0.764,	9.9000E+1
92.00,	0.765,	9.9000E+1
92.10,	0.766,	9.9000E+1
92.20,	0.767,	9.9000E+1
92.30,	0.768,	1.0100E+2
92.40,	0.769,	1.0000E+2
92.50,	0.770,	1.0000E+2
92.60,	0.770,	1.0000E+2
92.70,	0.771,	1.0100E+2
92.80,	0.772,	1.0000E+2
92.90,	0.773,	1.0100E+2
93.00,	0.774,	1.0100E+2
93.10,	0.774,	1.0200E+2
93.20,	0.775,	1.0100E+2
93.30,	0.776,	1.0100E+2
93.40,	0.777,	1.0100E+2
93.50,	0.778,	1.0100E+2
93.60,	0.779,	1.0100E+2
93.70,	0.779,	1.0100E+2
93.80,	0.780,	1.0200E+2
93.90,	0.781,	1.0200E+2
94.00,	0.782,	1.0300E+2
94.10,	0.783,	1.0200E+2
94.20,	0.784,	1.0200E+2
94.30,	0.785,	1.0200E+2
94.40,	0.786,	1.0300E+2
94.50,	0.786,	1.0300E+2
94.60,	0.787,	1.0400E+2
94.70,	0.788,	1.0300E+2
94.80,	0.789,	1.0200E+2
94.90,	0.789,	1.0200E+2
95.00,	0.790,	1.0300E+2
95.10,	0.791,	1.0400E+2
95.20,	0.792,	1.0400E+2
95.30,	0.793,	1.0300E+2
95.40,	0.793,	1.0300E+2
95.50,	0.794,	1.0400E+2
95.60,	0.795,	1.0400E+2
95.70,	0.796,	1.0400E+2
95.80,	0.797,	1.0400E+2
95.90,	0.798,	1.0400E+2
96.00,	0.799,	1.0400E+2
96.10,	0.800,	1.0400E+2
96.20,	0.801,	1.0400E+2
96.30,	0.802,	1.0500E+2
96.40,	0.802,	1.0500E+2
96.50,	0.803,	1.0400E+2
96.60,	0.804,	1.0500E+2
96.70,	0.805,	1.0600E+2
96.80,	0.805,	1.0500E+2
96.90,	0.806,	1.0400E+2
97.00,	0.807,	1.0500E+2
97.10,	0.808,	1.0400E+2
97.20,	0.808,	1.0600E+2
97.30,	0.809,	1.0500E+2
97.40,	0.810,	1.0500E+2
97.50,	0.811,	1.0600E+2
97.60,	0.812,	1.0600E+2
97.70,	0.813,	1.0600E+2
97.80,	0.814,	1.0600E+2
97.90,	0.815,	1.0600E+2
98.00,	0.816,	1.0600E+2
98.10,	0.816,	1.0600E+2
98.20,	0.817,	1.0600E+2
98.30,	0.818,	1.0700E+2
98.40,	0.819,	1.0700E+2
98.50,	0.819,	1.0700E+2
98.60,	0.820,	1.0600E+2
98.70,	0.821,	1.0700E+2
98.80,	0.822,	1.0700E+2
98.90,	0.822,	1.0700E+2
99.00,	0.823,	1.0800E+2
99.10,	0.824,	1.0700E+2
99.20,	0.825,	1.0700E+2
99.30,	0.826,	1.0800E+2
99.40,	0.827,	1.0900E+2
99.50,	0.828,	1.0700E+2
99.60,	0.828,	1.0900E+2
99.70,	0.829,	1.0800E+2
99.80,	0.830,	1.0800E+2
99.90,	0.831,	1.0800E+2
100.00,	0.832,	1.0800E+2
100.10,	0.833,	1.0900E+2
100.20,	0.834,	1.0900E+2
100.30,	0.834,	1.0900E+2
100.40,	0.835,	1.0900E+2
100.50,	0.836,	1.0900E+2
100.60,	0.837,	1.0800E+2
100.70,	0.837,	1.0900E+2
100.80,	0.838,	1.0900E+2
100.90,	0.839,	1.1000E+2
101.00,	0.840,	1.0900E+2
101.10,	0.841,	1.0900E+2
101.20,	0.841,	1.1000E+2
101.30,	0.842,	1.1000E+2
101.40,	0.843,	1.1000E+2
101.50,	0.844,	1.1000E+2
101.60,	0.845,	1.1000E+2
101.70,	0.846,	1.1000E+2
101.80,	0.847,	1.1100E+2
101.90,	0.848,	1.1000E+2
102.00,	0.848,	1.1100E+2
102.10,	0.849,	1.1100E+2
102.20,	0.850,	1.1100E+2
102.30,	0.851,	1.1100E+2
102.40,	0.851,	1.1100E+2
102.50,	0.852,	1.1100E+2
102.60,	0.853,	1.1100E+2
102.70,	0.854,	1.1100E+2
102.80,	0.854,	1.1200E+2
102.90,	0.855,	1.1100E+2
103.00,	0.856,	1.1200E+2
103.10,	0.857,	1.1300E+2
103.20,	0.858,	1.1200E+2
103.30,	0.859,	1.1200E+2
103.40,	0.860,	1.1200E+2
103.50,	0.861,	1.1100E+2
103.60,	0.862,	1.1200E+2
103.70,	0.862,	1.1200E+2
103.80,	0.863,	1.1300E+2
103.90,	0.864,	1.1400E+2
104.00,	0.865,	1.1300E+2
104.10,	0.866,	1.1200E+2
104.20,	0.866,	1.1400E+2
104.30,	0.867,	1.1400E+2
104.40,	0.868,	1.1300E+2
104.50,	0.869,	1.1400E+2
104.60,	0.869,	1.1500E+2
104.70,	0.870,	1.1400E+2
104.80,	0.871,	1.1400E+2
104.90,	0.872,	1.1300E+2
105.00,	0.873,	1.1400E+2
105.10,	0.874,	1.1400E+2
105.20,	0.875,	1.1400E+2
105.30,	0.875,	1.1500E+2
105.40,	0.876,	1.1400E+2
105.50,	0.877,	1.1500E+2
105.60,	0.878,	1.1400E+2
105.70,	0.879,	1.1400E+2
105.80,	0.879,	1.1500E+2
105.90,	0.880,	1.1500E+2
106.00,	0.881,	1.1500E+2
106.10,	0.882,	1.1500E+2
106.20,	0.882,	1.1600E+2
106.30,	0.883,	1.1500E+2
106.40,	0.884,	1.1600E+2
106.50,	0.885,	1.1500E+2
106.60,	0.886,	1.1500E+2
106.70,	0.887,	1.1600E+2
106.80,	0.887,	1.1700E+2
106.90,	0.888,	1.1600E+2
107.00,	0.889,	1.1600E+2
107.10,	0.890,	1.1600E+2
107.20,	0.891,	1.1600E+2
107.30,	0.892,	1.1700E+2
107.40,	0.893,	1.1700E+2
107.50,	0.893,	1.1700E+2
107.60,	0.894,	1.1800E+2
107.70,	0.895,	1.1700E+2
107.80,	0.896,	1.1700E+2
107.90,	0.897,	1.1700E+2
108.00,	0.897,	1.1700E+2
108.10,	0.898,	1.1700E+2
108.20,	0.899,	1.1700E+2
108.30,	0.900,	1.1800E+2
108.40,	0.900,	1.1800E+2
108.50,	0.901,	1.1800E+2
108.60,	0.902,	1.1800E+2
108.70,	0.903,	1.1800E+2
108.80,	0.904,	1.1800E+2
108.90,	0.905,	1.1700E+2
109.00,	0.906,	1.1900E+2
109.10,	0.907,	1.1800E+2
109.20,	0.908,	1.1800E+2
109.30,	0.908,	1.1900E+2
109.40,	0.909,	1.1900E+2
109.50,	0.910,	1.1900E+2
109.60,	0.911,	1.1900E+2
109.70,	0.911,	1.1900E+2
109.80,	0.912,	1.1900E+2
109.90,	0.913,	1.1900E+2
110.00,	0.914,	1.1900E+2
110.10,	0.915,	1.2000E+2
110.20,	0.915,	1.2000E+2
110.30,	0.916,	1.2000E+2
110.40,	0.917,	1.2000E+2
110.50,	0.918,	1.1900E+2
110.60,	0.919,	1.2000E+2
110.70,	0.920,	1.2000E+2
110.80,	0.921,	1.2000E+2
110.90,	0.922,	1.2000E+2
111.00,	0.923,	1.2000E+2
111.10,	0.923,	1.2100E+2
111.20,	0.924,	1.2100E+2
111.30,	0.925,	1.2100E+2
111.40,	0.926,	1.2100E+2
111.50,	0.927,	1.2100E+2
111.60,	0.928,	1.2100E+2
111.70,	0.928,	1.2100E+2
111.80,	0.929,	1.2200E+2
111.90,	0.930,	1.2100E+2
112.00,	0.931,	1.2300E+2
112.10,	0.931,	1.2200E+2
112.20,	0.932,	1.2200E+2
112.30,	0.933,	1.2200E+2
112.40,	0.934,	1.2200E+2
112.50,	0.935,	1.2300E+2
112.60,	0.936,	1.2200E+2
112.70,	0.937,	1.2200E+2
112.80,	0.938,	1.2200E+2
112.90,	0.938,	1.2300E+2
113.00,	0.939,	1.2300E+2
113.10,	0.940,	1.2300E+2
113.20,	0.941,	1.2200E+2
113.30,	0.942,	1.2300E+2
113.40,	0.943,	1.2300E+2
113.50,	0.943,	1.2200E+2
113.60,	0.944,	1.2400E+2
113.70,	0.945,	1.2400E+2
113.80,	0.946,	1.2400E+2
113.90,	0.947,	1.2400E+2
114.00,	0.947,	1.2300E+2
114.10,	0.948,	1.2400E+2
114.20,	0.949,	1.2500E+2
114.30,	0.950,	1.2400E+2
114.40,	0.951,	1.2500E+2
114.50,	0.952,	1.2400E+2
114.60,	0.953,	1.2400E+2
114.70,	0.954,	1.2400E+2
114.80,	0.955,	1.2400E+2
114.90,	0.955,	1.2400E+2
115.00,	0.956,	1.2600E+2
115.10,	0.957,	1.2400E+2
115.20,	0.958,	1.2400E+2
115.30,	0.959,	1.2400E+2
115.40,	0.960,	1.2400E+2
115.50,	0.960,	1.2500E+2
115.60,	0.961,	1.2600E+2
115.70,	0.962,	1.2600E+2
115.80,	0.963,	1.2500E+2
115.90,	0.964,	1.2600E+2
116.00,	0.964,	1.2700E+2
116.10,	0.965,	1.2500E+2
116.20,	0.966,	1.2600E+2
116.30,	0.967,	1.2700E+2
116.40,	0.968,	1.2700E+2
116.50,	0.969,	1.2600E+2
116.60,	0.970,	1.2600E+2
116.70,	0.971,	1.2700E+2
116.80,	0.971,	1.2700E+2
116.90,	0.972,	1.2700E+2
117.00,	0.973,	1.2800E+2
117.10,	0.974,	1.2700E+2
117.20,	0.975,	1.2700E+2
117.30,	0.975,	1.2700E+2
117.40,	0.976,	1.2700E+2
117.50,	0.977,	1.2800E+2
117.60,	0.978,	1.2800E+2
117.70,	0.979,	1.2700E+2
117.80,	0.979,	1.2800E+2
117.90,	0.980,	1.2700E+2
118.00,	0.981,	1.2900E+2
118.10,	0.982,	1.2800E+2
118.20,	0.983,	1.2900E+2
118.30,	0.984,	1.2800E+2
118.40,	0.985,	1.2800E+2
118.50,	0.986,	1.2900E+2
118.60,	0.987,	1.2900E+2
118.70,	0.988,	1.2900E+2
118.80,	0.988,	1.2900E+2
118.90,	0.989,	1.2900E+2
119.00,	0.990,	1.3000E+2
119.10,	0.991,	1.2900E+2
119.20,	0.992,	1.3000E+2
119.30,	0.993,	1.3000E+2
119.40,	0.993,	1.2900E+2
119.50,	0.994,	1.3000E+2
119.60,	0.995,	1.3000E+2
119.70,	0.996,	1.2900E+2
119.80,	0.997,	1.3000E+2
119.90,	0.998,	1.3000E+2
120.00,	0.998,	1.3000E+2
120.10,	0.999,	1.2900E+2
120.20,	1.000,	1.3000E+2
120.30,	1.001,	1.3100E+2
120.40,	1.002,	1.3100E+2
120.50,	1.003,	1.3100E+2
120.60,	1.004,	1.3100E+2
120.70,	1.005,	1.3100E+2
120.80,	1.005,	1.3100E+2
120.90,	1.006,	1.3200E+2
121.00,	1.007,	1.3000E+2
121.10,	1.008,	1.3200E+2
121.20,	1.008,	1.3200E+2
121.30,	1.009,	1.3200E+2
121.40,	1.010,	1.3200E+2
121.50,	1.011,	1.3200E+2
121.60,	1.012,	1.3200E+2
121.70,	1.013,	1.3200E+2
121.80,	1.013,	1.3200E+2
121.90,	1.014,	1.3200E+2
122.00,	1.015,	1.3200E+2
122.10,	1.016,	1.3200E+2
122.20,	1.017,	1.3300E+2
122.30,	1.018,	1.3200E+2
122.40,	1.019,	1.3400E+2
122.50,	1.020,	1.3300E+2
122.60,	1.021,	1.3300E+2
122.70,	1.021,	1.3300E+2
122.80,	1.022,	1.3400E+2
122.90,	1.023,	1.3300E+2
123.00,	1.024,	1.3400E+2
123.10,	1.025,	1.3400E+2
123.20,	1.025,	1.3300E+2
123.30,	1.026,	1.3400E+2
123.40,	1.027,	1.3400E+2
123.50,	1.028,	1.3400E+2
123.60,	1.029,	1.3400E+2
123.70,	1.029,	1.3500E+2
123.80,	1.030,	1.3500E+2
123.90,	1.031,	1.3500E+2
124.00,	1.032,	1.3500E+2
124.10,	1.033,	1.3600E+2
124.20,	1.034,	1.3400E+2
124.30,	1.035,	1.3500E+2
124.40,	1.036,	1.3500E+2
124.50,	1.036,	1.3500E+2
124.60,	1.037,	1.3500E+2
124.70,	1.038,	1.3600E+2
124.80,	1.039,	1.3600E+2
124.90,	1.039,	1.3600E+2
125.00,	1.040,	1.3500E+2
125.10,	1.041,	1.3700E+2
125.20,	1.042,	1.3600E+2
125.30,	1.043,	1.3600E+2
125.40,	1.043,	1.3700E+2
125.50,	1.044,	1.3700E+2
125.60,	1.045,	1.3700E+2
125.70,	1.046,	1.3700E+2
125.80,	1.047,	1.3700E+2
125.90,	1.048,	1.3700E+2
126.00,	1.049,	1.3800E+2
126.10,	1.050,	1.3800E+2
126.20,	1.051,	1.3700E+2
126.30,	1.051,	1.3700E+2
126.40,	1.052,	1.3800E+2
126.50,	1.053,	1.3800E+2
126.60,	1.054,	1.3700E+2
126.70,	1.054,	1.3700E+2
126.80,	1.055,	1.3800E+2
126.90,	1.056,	1.3700E+2
127.00,	1.057,	1.3800E+2
127.10,	1.058,	1.3800E+2
127.20,	1.058,	1.3900E+2
127.30,	1.059,	1.3800E+2
127.40,	1.060,	1.3800E+2
127.50,	1.061,	1.3900E+2
127.60,	1.062,	1.3800E+2
127.70,	1.063,	1.3900E+2
127.80,	1.064,	1.3900E+2
127.90,	1.064,	1.3900E+2
128.00,	1.065,	1.3900E+2
128.10,	1.066,	1.3900E+2
128.20,	1.067,	1.3900E+2
128.30,	1.068,	1.3900E+2
128.40,	1.068,	1.4000E+2
128.50,	1.069,	1.3900E+2
128.60,	1.070,	1.4000E+2
128.70,	1.071,	1.4000E+2
128.80,	1.071,	1.3900E+2
128.90,	1.072,	1.3900E+2
129.00,	1.073,	1.4000E+2
129.10,	1.074,	1.4000E+2
129.20,	1.075,	1.4100E+2
129.30,	1.076,	1.4000E+2
129.40,	1.076,	1.4000E+2
129.50,	1.077,	1.4100E+2
129.60,	1.078,	1.4000E+2
129.70,	1.079,	1.4000E+2
129.80,	1.080,	1.4100E+2
129.90,	1.081,	1.4100E+2
130.00,	1.082,	1.4200E+2
130.10,	1.082,	1.4100E+2
130.20,	1.083,	1.4100E+2
130.30,	1.084,	1.4200E+2
130.40,	1.085,	1.4200E+2
130.50,	1.086,	1.4200E+2
130.60,	1.086,	1.4200E+2
130.70,	1.087,	1.4200E+2
130.80,	1.088,	1.4200E+2
130.90,	1.089,	1.4200E+2
131.00,	1.090,	1.4200E+2
131.10,	1.090,	1.4200E+2
131.20,	1.091,	1.4300E+2
131.30,	1.092,	1.4300E+2
131.40,	1.093,	1.4300E+2
131.50,	1.094,	1.4300E+2
131.60,	1.095,	1.4200E+2
131.70,	1.096,	1.4300E+2
131.80,	1.097,	1.4300E+2
131.90,	1.097,	1.4400E+2
132.00,	1.098,	1.4400E+2
132.10,	1.099,	1.4400E+2
132.20,	1.100,	1.4300E+2
132.30,	1.100,	1.4400E+2
132.40,	1.101,	1.4300E+2
132.50,	1.102,	1.4500E+2
132.60,	1.103,	1.4400E+2
132.70,	1.103,	1.4300E+2
132.80,	1.104,	1.4500E+2
132.90,	1.105,	1.4500E+2
133.00,	1.106,	1.4500E+2
133.10,	1.107,	1.4500E+2
133.20,	1.108,	1.4300E+2
133.30,	1.109,	1.4500E+2
133.40,	1.110,	1.4500E+2
133.50,	1.110,	1.4400E+2
133.60,	1.111,	1.4600E+2
133.70,	1.112,	1.4500E+2
133.80,	1.113,	1.4600E+2
133.90,	1.114,	1.4500E+2
134.00,	1.115,	1.4600E+2
134.10,	1.115,	1.4600E+2
134.20,	1.116,	1.4500E+2
134.30,	1.117,	1.4500E+2
134.40,	1.118,	1.4600E+2
134.50,	1.118,	1.4700E+2
134.60,	1.119,	1.4600E+2
134.70,	1.120,	1.4600E+2
134.80,	1.121,	1.4600E+2
134.90,	1.122,	1.4700E+2
135.00,	1.122,	1.4600E+2
135.10,	1.123,	1.4700E+2
135.20,	1.124,	1.4700E+2
135.30,	1.125,	1.4700E+2
135.40,	1.126,	1.4800E+2
135.50,	1.127,	1.4700E+2
135.60,	1.128,	1.4700E+2
135.70,	1.128,	1.4800E+2
135.80,	1.129,	1.4700E+2
135.90,	1.130,	1.4800E+2
136.00,	1.131,	1.4800E+2
136.10,	1.132,	1.4800E+2
136.20,	1.132,	1.4800E+2
136.30,	1.133,	1.4800E+2
136.40,	1.134,	1.4800E+2
136.50,	1.135,	1.4800E+2
136.60,	1.135,	1.4900E+2
136.70,	1.136,	1.4800E+2
136.80,	1.137,	1.4900E+2
136.90,	1.138,	1.4900E+2
137.00,	1.139,	1.5000E+2
137.10,	1.140,	1.5000E+2
137.20,	1.141,	1.4900E+2
137.30,	1.142,	1.5000E+2
137.40,	1.143,	1.5000E+2
137.50,	1.143,	1.4900E+2
137.60,	1.144,	1.5000E+2
137.70,	1.145,	1.5000E+2
137.80,	1.146,	1.5000E+2
137.90,	1.146,	1.5000E+2
138.00,	1.147,	1.5000E+2
138.10,	1.148,	1.5000E+2
138.20,	1.149,	1.5000E+2
138.30,	1.150,	1.4900E+2
138.40,	1.150,	1.5100E+2
138.50,	1.151,	1.5000E+2
138.60,	1.152,	1.5100E+2
138.70,	1.153,	1.5100E+2
138.80,	1.154,	1.5100E+2
138.90,	1.155,	1.5200E+2
139.00,	1.156,	1.5100E+2
139.10,	1.156,	1.5200E+2
139.20,	1.157,	1.5100E+2
139.30,	1.158,	1.5200E+2
139.40,	1.159,	1.5100E+2
139.50,	1.160,	1.5100E+2
139.60,	1.161,	1.5200E+2
139.70,	1.161,	1.5100E+2
139.80,	1.162,	1.5100E+2
139.90,	1.163,	1.5200E+2
140.00,	1.164,	1.5200E+2
140.10,	1.164,	1.5200E+2
140.20,	1.165,	1.5300E+2
140.30,	1.166,	1.5200E+2
140.40,	1.167,	1.5200E+2
140.50,	1.168,	1.5300E+2
140.60,	1.169,	1.5300E+2
140.70,	1.170,	1.5300E+2
140.80,	1.171,	1.5300E+2
140.90,	1.171,	1.5300E+2
141.00,	1.172,	1.5400E+2
141.10,	1.173,	1.5300E+2
141.20,	1.174,	1.5300E+2
141.30,	1.175,	1.5300E+2
141.40,	1.176,	1.5400E+2
141.50,	1.176,	1.5300E+2
141.60,	1.177,	1.5300E+2
141.70,	1.178,	1.5400E+2
141.80,	1.179,	1.5400E+2
141.90,	1.180,	1.5400E+2
142.00,	1.180,	1.5400E+2
142.10,	1.181,	1.5400E+2
142.20,	1.182,	1.5500E+2
142.30,	1.183,	1.5400E+2
142.40,	1.184,	1.5400E+2
142.50,	1.185,	1.5500E+2
142.60,	1.186,	1.5500E+2
142.70,	1.186,	1.5500E+2
142.80,	1.187,	1.5600E+2
142.90,	1.188,	1.5400E+2
143.00,	1.189,	1.5500E+2
143.10,	1.190,	1.5500E+2
143.20,	1.191,	1.5500E+2
143.30,	1.192,	1.5500E+2
143.40,	1.192,	1.5500E+2
143.50,	1.193,	1.5600E+2
143.60,	1.194,	1.5600E+2
143.70,	1.195,	1.5600E+2
143.80,	1.196,	1.5600E+2
143.90,	1.196,	1.5600E+2
144.00,	1.197,	1.5700E+2
144.10,	1.198,	1.5700E+2
144.20,	1.199,	1.5700E+2
144.30,	1.200,	1.5700E+2
144.40,	1.201,	1.5700E+2
144.50,	1.202,	1.5600E+2
144.60,	1.203,	1.5600E+2
144.70,	1.204,	1.5700E+2
144.80,	1.204,	1.5700E+2
144.90,	1.205,	1.5800E+2
145.00,	1.206,	1.5800E+2
145.10,	1.207,	1.5800E+2
145.20,	1.208,	1.5900E+2
145.30,	1.209,	1.5800E+2
145.40,	1.209,	1.5900E+2
145.50,	1.210,	1.5800E+2
145.60,	1.211,	1.5800E+2
145.70,	1.212,	1.5800E+2
145.80,	1.213,	1.5900E+2
145.90,	1.213,	1.5900E+2
146.00,	1.214,	1.5900E+2
146.10,	1.215,	1.5900E+2
146.20,	1.216,	1.5900E+2
146.30,	1.217,	1.5900E+2
146.40,	1.218,	1.5900E+2
146.50,	1.219,	1.6000E+2
146.60,	1.220,	1.6000E+2
146.70,	1.220,	1.5900E+2
146.80,	1.221,	1.6000E+2
146.90,	1.222,	1.6000E+2
147.00,	1.223,	1.6000E+2
147.10,	1.224,	1.5900E+2
147.20,	1.225,	1.6000E+2
147.30,	1.225,	1.6100E+2
147.40,	1.226,	1.6100E+2
147.50,	1.227,	1.6100E+2
147.60,	1.228,	1.6100E+2
147.70,	1.229,	1.6100E+2
147.80,	1.229,	1.6000E+2
147.90,	1.230,	1.6100E+2
148.00,	1.231,	1.6100E+2
148.10,	1.232,	1.6100E+2
148.20,	1.233,	1.6100E+2
148.30,	1.234,	1.6100E+2
148.40,	1.235,	1.6100E+2
148.50,	1.236,	1.6100E+2
148.60,	1.237,	1.6100E+2
148.70,	1.237,	1.6100E+2
148.80,	1.238,	1.6300E+2
148.90,	1.239,	1.6200E+2
149.00,	1.240,	1.6100E+2
149.10,	1.241,	1.6200E+2
149.20,	1.242,	1.6200E+2
149.30,	1.242,	1.6200E+2
149.40,	1.243,	1.6400E+2
149.50,	1.244,	1.6400E+2
149.60,	1.245,	1.6300E+2
149.70,	1.246,	1.6300E+2
149.80,	1.247,	1.6300E+2
149.90,	1.247,	1.6400E+2
150.00,	1.248,	1.6400E+2
150.10,	1.249,	1.6400E+2
150.20,	1.250,	1.6300E+2
150.30,	1.251,	1.6300E+2
150.40,	1.252,	1.6500E+2
150.50,	1.253,	1.6400E+2
150.60,	1.254,	1.6500E+2
150.70,	1.255,	1.6400E+2
150.80,	1.255,	1.6500E+2
150.90,	1.256,	1.6400E+2
151.00,	1.257,	1.6600E+2
151.10,	1.258,	1.6600E+2
151.20,	1.258,	1.6500E+2
151.30,	1.259,	1.6400E+2
151.40,	1.260,	1.6500E+2
151.50,	1.261,	1.6500E+2
151.60,	1.262,	1.6500E+2
151.70,	1.263,	1.6500E+2
151.80,	1.263,	1.6600E+2
151.90,	1.264,	1.6600E+2
152.00,	1.265,	1.6600E+2
152.10,	1.266,	1.6600E+2
152.20,	1.267,	1.6700E+2
152.30,	1.268,	1.6600E+2
152.40,	1.269,	1.6600E+2
152.50,	1.270,	1.6600E+2
152.60,	1.271,	1.6600E+2
152.70,	1.271,	1.6700E+2
152.80,	1.272,	1.6600E+2
152.90,	1.273,	1.6600E+2
153.00,	1.274,	1.6700E+2
153.10,	1.275,	1.6600E+2
153.20,	1.275,	1.6600E+2
153.30,	1.276,	1.6600E+2
153.40,	1.277,	1.6700E+2
153.50,	1.278,	1.6700E+2
153.60,	1.279,	1.6700E+2
153.70,	1.280,	1.6700E+2
153.80,	1.280,	1.6700E+2
153.90,	1.281,	1.6700E+2
154.00,	1.282,	1.6800E+2
154.10,	1.283,	1.6800E+2
154.20,	1.284,	1.6900E+2
154.30,	1.285,	1.6800E+2
154.40,	1.286,	1.6900E+2
154.50,	1.286,	1.6800E+2
154.60,	1.287,	1.6800E+2
154.70,	1.288,	1.6800E+2
154.80,	1.289,	1.6900E+2
154.90,	1.290,	1.6900E+2
155.00,	1.290,	1.6900E+2
155.10,	1.291,	1.6900E+2
155.20,	1.292,	1.6800E+2
155.30,	1.293,	1.6900E+2
155.40,	1.293,	1.6900E+2
155.50,	1.294,	1.6900E+2
155.60,	1.295,	1.6900E+2
155.70,	1.296,	1.6900E+2
155.80,	1.297,	1.7000E+2
155.90,	1.298,	1.7100E+2
156.00,	1.299,	1.7000E+2
156.10,	1.300,	1.7000E+2
156.20,	1.301,	1.7100E+2
156.30,	1.301,	1.7000E+2
156.40,	1.302,	1.7100E+2
156.50,	1.303,	1.7000E+2
156.60,	1.304,	1.7000E+2
156.70,	1.304,	1.7000E+2
156.80,	1.305,	1.7000E+2
156.90,	1.306,	1.7100E+2
157.00,	1.307,	1.7100E+2
157.10,	1.308,	1.7100E+2
157.20,	1.308,	1.7100E+2
157.30,	1.309,	1.7100E+2
157.40,	1.310,	1.7100E+2
157.50,	1.311,	1.7200E+2
157.60,	1.312,	1.7200E+2
157.70,	1.313,	1.7200E+2
157.80,	1.314,	1.7200E+2
157.90,	1.314,	1.7100E+2
158.00,	1.315,	1.7100E+2
158.10,	1.316,	1.7300E+2
158.20,	1.317,	1.7300E+2
158.30,	1.318,	1.7300E+2
158.40,	1.318,	1.7200E+2
158.50,	1.319,	1.7100E+2
158.60,	1.320,	1.7200E+2
158.70,	1.321,	1.7200E+2
158.80,	1.321,	1.7100E+2
158.90,	1.322,	1.7300E+2
159.00,	1.323,	1.7200E+2
159.10,	1.324,	1.7300E+2
159.20,	1.325,	1.7300E+2
159.30,	1.326,	1.7300E+2
159.40,	1.326,	1.7300E+2
159.50,	1.327,	1.7400E+2
159.60,	1.328,	1.7300E+2
159.70,	1.329,	1.7400E+2
159.80,	1.330,	1.7400E+2
159.90,	1.331,	1.7400E+2
160.00,	1.332,	1.7300E+2
160.10,	1.332,	1.7400E+2
160.20,	1.333,	1.7400E+2
160.30,	1.334,	1.7400E+2
160.40,	1.335,	1.7400E+2
160.50,	1.336,	1.7500E+2
160.60,	1.336,	1.7500E+2
160.70,	1.337,	1.7500E+2
160.80,	1.338,	1.7500E+2
160.90,	1.339,	1.7500E+2
161.00,	1.339,	1.7500E+2
161.10,	1.340,	1.7500E+2
161.20,	1.341,	1.7500E+2
161.30,	1.342,	1.7600E+2
161.40,	1.343,	1.7600E+2
161.50,	1.344,	1.7600E+2
161.60,	1.345,	1.7600E+2
161.70,	1.345,	1.7600E+2
161.80,	1.346,	1.7600E+2
161.90,	1.347,	1.7700E+2
162.00,	1.348,	1.7800E+2
162.10,	1.349,	1.7600E+2
162.20,	1.349,	1.7700E+2
162.30,	1.350,	1.7600E+2
162.40,	1.351,	1.7700E+2
162.50,	1.352,	1.7800E+2
162.60,	1.352,	1.7700E+2
162.70,	1.353,	1.7700E+2
162.80,	1.354,	1.7700E+2
162.90,	1.355,	1.7700E+2
163.00,	1.356,	1.7700E+2
163.10,	1.357,	1.7800E+2
163.20,	1.357,	1.7800E+2
163.30,	1.359,	1.7700E+2
163.40,	1.359,	1.7900E+2
163.50,	1.360,	1.7800E+2
163.60,	1.361,	1.7800E+2
163.70,	1.362,	1.7900E+2
163.80,	1.363,	1.7800E+2
163.90,	1.364,	1.7900E+2
164.00,	1.364,	1.7800E+2
164.10,	1.365,	1.7800E+2
164.20,	1.366,	1.7800E+2
164.30,	1.367,	1.7800E+2
164.40,	1.367,	1.7900E+2
164.50,	1.368,	1.8000E+2
164.60,	1.369,	1.7900E+2
164.70,	1.370,	1.8000E+2
164.80,	1.371,	1.7900E+2
164.90,	1.372,	1.8000E+2
165.00,	1.372,	1.7900E+2
165.10,	1.373,	1.7900E+2
165.20,	1.374,	1.8000E+2
165.30,	1.375,	1.8000E+2
165.40,	1.376,	1.8000E+2
165.50,	1.377,	1.8000E+2
165.60,	1.378,	1.8100E+2
165.70,	1.378,	1.8100E+2
165.80,	1.379,	1.8100E+2
165.90,	1.380,	1.8000E+2
166.00,	1.381,	1.8000E+2
166.10,	1.381,	1.8000E+2
166.20,	1.382,	1.8100E+2
166.30,	1.383,	1.8200E+2
166.40,	1.384,	1.8100E+2
166.50,	1.385,	1.8200E+2
166.60,	1.385,	1.8100E+2
166.70,	1.386,	1.8200E+2
166.80,	1.387,	1.8100E+2
166.90,	1.388,	1.8200E+2
167.00,	1.389,	1.8200E+2
167.10,	1.390,	1.8200E+2
167.20,	1.391,	1.8200E+2
167.30,	1.391,	1.8100E+2
167.40,	1.392,	1.8200E+2
167.50,	1.393,	1.8200E+2
167.60,	1.394,	1.8200E+2
167.70,	1.395,	1.8200E+2
167.80,	1.396,	1.8300E+2
167.90,	1.396,	1.8300E+2
168.00,	1.397,	1.8400E+2
168.10,	1.398,	1.8300E+2
168.20,	1.399,	1.8300E+2
168.30,	1.399,	1.8300E+2
168.40,	1.400,	1.8300E+2
168.50,	1.401,	1.8300E+2
168.60,	1.402,	1.8300E+2
168.70,	1.403,	1.8300E+2
168.80,	1.404,	1.8300E+2
168.90,	1.405,	1.8400E+2
169.00,	1.406,	1.8400E+2
169.10,	1.406,	1.8400E+2
169.20,	1.407,	1.8400E+2
169.30,	1.408,	1.8400E+2
169.40,	1.409,	1.8400E+2
169.50,	1.410,	1.8500E+2
169.60,	1.411,	1.8500E+2
169.70,	1.411,	1.8500E+2
169.80,	1.412,	1.8600E+2
169.90,	1.413,	1.8500E+2
170.00,	1.414,	1.8600E+2
170.10,	1.414,	1.8500E+2
170.20,	1.415,	1.8500E+2
170.30,	1.416,	1.8400E+2
170.40,	1.417,	1.8600E+2
170.50,	1.418,	1.8600E+2
170.60,	1.419,	1.8700E+2
170.70,	1.420,	1.8600E+2
170.80,	1.421,	1.8600E+2
170.90,	1.421,	1.8700E+2
171.00,	1.422,	1.8700E+2
171.10,	1.423,	1.8700E+2
171.20,	1.424,	1.8600E+2
171.30,	1.425,	1.8700E+2
171.40,	1.426,	1.8700E+2
171.50,	1.426,	1.8700E+2
171.60,	1.427,	1.8600E+2
171.70,	1.428,	1.8700E+2
171.80,	1.429,	1.8700E+2
171.90,	1.430,	1.8700E+2
172.00,	1.431,	1.8800E+2
172.10,	1.431,	1.8700E+2
172.20,	1.432,	1.8800E+2
172.30,	1.433,	1.8800E+2
172.40,	1.434,	1.8800E+2
172.50,	1.435,	1.8700E+2
172.60,	1.436,	1.8700E+2
172.70,	1.437,	1.8800E+2
172.80,	1.438,	1.8800E+2
172.90,	1.438,	1.8700E+2
173.00,	1.439,	1.8800E+2
173.10,	1.440,	1.8700E+2
173.20,	1.441,	1.8800E+2
173.30,	1.442,	1.8900E+2
173.40,	1.442,	1.8900E+2
173.50,	1.443,	1.8900E+2
173.60,	1.444,	1.8900E+2
173.70,	1.445,	1.8900E+2
173.80,	1.446,	1.8900E+2
173.90,	1.446,	1.9000E+2
174.00,	1.447,	1.8900E+2
174.10,	1.448,	1.9000E+2
174.20,	1.449,	1.8900E+2
174.30,	1.450,	1.9100E+2
174.40,	1.451,	1.9000E+2
174.50,	1.452,	1.8900E+2
174.60,	1.453,	1.8900E+2
174.70,	1.454,	1.9100E+2
174.80,	1.454,	1.9100E+2
174.90,	1.455,	1.9000E+2
175.00,	1.456,	1.9000E+2
175.10,	1.457,	1.9100E+2
175.20,	1.458,	1.9200E+2
175.30,	1.459,	1.9000E+2
175.40,	1.459,	1.9000E+2
175.50,	1.460,	1.9100E+2
175.60,	1.461,	1.9000E+2
175.70,	1.462,	1.9200E+2
175.80,	1.462,	1.9100E+2
175.90,	1.463,	1.9200E+2
176.00,	1.464,	1.9000E+2
176.10,	1.465,	1.9200E+2
176.20,	1.466,	1.9200E+2
176.30,	1.467,	1.9200E+2
176.40,	1.468,	1.9200E+2
176.50,	1.469,	1.9300E+2
176.60,	1.470,	1.9200E+2
176.70,	1.470,	1.9200E+2
176.80,	1.471,	1.9100E+2
176.90,	1.472,	1.9300E+2
177.00,	1.473,	1.9100E+2
177.10,	1.474,	1.9200E+2
177.20,	1.475,	1.9300E+2
177.30,	1.475,	1.9400E+2
177.40,	1.476,	1.9500E+2
177.50,	1.477,	1.9400E+2
177.60,	1.478,	1.9300E+2
177.70,	1.479,	1.9400E+2
177.80,	1.480,	1.9300E+2
177.90,	1.480,	1.9300E+2
178.00,	1.481,	1.9500E+2
178.10,	1.482,	1.9500E+2
178.20,	1.483,	1.9500E+2
178.30,	1.484,	1.9500E+2
178.40,	1.485,	1.9500E+2
178.50,	1.486,	1.9600E+2
178.60,	1.487,	1.9600E+2
178.70,	1.487,	1.9400E+2
178.80,	1.488,	1.9500E+2
178.90,	1.489,	1.9600E+2
179.00,	1.490,	1.9500E+2
179.10,	1.491,	1.9500E+2
179.20,	1.492,	1.9500E+2
179.30,	1.492,	1.9500E+2
179.40,	1.493,	1.9500E+2
179.50,	1.494,	1.9600E+2
179.60,	1.495,	1.9600E+2
179.70,	1.496,	1.9700E+2
179.80,	1.497,	1.9700E+2
179.90,	1.497,	1.9700E+2
180.00,	1.498,	1.9500E+2
180.10,	1.499,	1.9600E+2
180.20,	1.500,	1.9600E+2
180.30,	1.501,	1.9700E+2
180.40,	1.502,	1.9700E+2
180.50,	1.503,	1.9700E+2
180.60,	1.504,	1.9600E+2
180.70,	1.504,	1.9600E+2
180.80,	1.505,	1.9600E+2
180.90,	1.506,	1.9800E+2
181.00,	1.507,	1.9700E+2
181.10,	1.508,	1.9900E+2
181.20,	1.508,	1.9700E+2
181.30,	1.509,	1.9700E+2
181.40,	1.510,	1.9900E+2
181.50,	1.511,	1.9800E+2
181.60,	1.512,	1.9800E+2
181.70,	1.512,	1.9800E+2
181.80,	1.513,	1.9700E+2
181.90,	1.514,	1.9800E+2
182.00,	1.515,	1.9700E+2
182.10,	1.516,	1.9700E+2
182.20,	1.517,	1.9900E+2
182.30,	1.518,	1.9900E+2
182.40,	1.519,	1.9900E+2
182.50,	1.520,	1.9700E+2
182.60,	1.520,	1.9900E+2
182.70,	1.521,	2.0000E+2
182.80,	1.522,	1.9900E+2
182.90,	1.523,	2.0000E+2
183.00,	1.524,	2.0000E+2
183.10,	1.524,	1.9900E+2
183.20,	1.525,	1.9900E+2
183.30,	1.526,	1.9900E+2
183.40,	1.527,	1.9900E+2
183.50,	1.528,	2.0100E+2
183.60,	1.529,	2.0000E+2
183.70,	1.529,	2.0000E+2
183.80,	1.530,	2.0000E+2
183.90,	1.531,	2.0000E+2
184.00,	1.532,	2.0100E+2
184.10,	1.533,	2.0000E+2
184.20,	1.534,	2.0100E+2
184.30,	1.535,	2.0100E+2
184.40,	1.536,	2.0000E+2
184.50,	1.536,	2.0000E+2
184.60,	1.537,	2.0100E+2
184.70,	1.538,	2.0200E+2
184.80,	1.539,	2.0100E+2
184.90,	1.539,	2.0200E+2
185.00,	1.540,	2.0300E+2
185.10,	1.541,	2.0100E+2
185.20,	1.542,	2.0100E+2
185.30,	1.543,	2.0300E+2
185.40,	1.543,	2.0100E+2
185.50,	1.544,	2.0300E+2
185.60,	1.545,	2.0200E+2
185.70,	1.546,	2.0300E+2
185.80,	1.547,	2.0100E+2
185.90,	1.548,	2.0300E+2
186.00,	1.549,	2.0300E+2
186.10,	1.550,	2.0200E+2
186.20,	1.551,	2.0300E+2
186.30,	1.551,	2.0200E+2
186.40,	1.552,	2.0400E+2
186.50,	1.553,	2.0300E+2
186.60,	1.554,	2.0400E+2
186.70,	1.554,	2.0300E+2
186.80,	1.555,	2.0300E+2
186.90,	1.556,	2.0400E+2
187.00,	1.557,	2.0400E+2
187.10,	1.558,	2.0300E+2
187.20,	1.558,	2.0500E+2
187.30,	1.559,	2.0500E+2
187.40,	1.560,	2.0500E+2
187.50,	1.561,	2.0500E+2
187.60,	1.562,	2.0400E+2
187.70,	1.563,	2.0500E+2
187.80,	1.564,	2.0500E+2
187.90,	1.564,	2.0500E+2
188.00,	1.565,	2.0500E+2
188.10,	1.566,	2.0600E+2
188.20,	1.567,	2.0500E+2
188.30,	1.568,	2.0500E+2
188.40,	1.568,	2.0500E+2
188.50,	1.569,	2.0600E+2
188.60,	1.570,	2.0500E+2
188.70,	1.571,	2.0500E+2
188.80,	1.571,	2.0600E+2
188.90,	1.572,	2.0700E+2
189.00,	1.573,	2.0700E+2
189.10,	1.574,	2.0700E+2
189.20,	1.575,	2.0700E+2
189.30,	1.575,	2.0600E+2
189.40,	1.576,	2.0700E+2
189.50,	1.577,	2.0600E+2
189.60,	1.578,	2.0700E+2
189.70,	1.579,	2.0600E+2
189.80,	1.580,	2.0700E+2
189.90,	1.581,	2.0700E+2
190.00,	1.582,	2.0700E+2
190.10,	1.582,	2.0700E+2
190.20,	1.583,	2.0500E+2
190.30,	1.584,	2.0800E+2
190.40,	1.585,	2.0700E+2
190.50,	1.585,	2.0700E+2
190.60,	1.586,	2.0800E+2
190.70,	1.587,	2.0800E+2
190.80,	1.588,	2.0800E+2
190.90,	1.589,	2.0800E+2
191.00,	1.589,	2.0800E+2
191.10,	1.590,	2.0800E+2
191.20,	1.591,	2.0900E+2
191.30,	1.592,	2.0900E+2
191.40,	1.593,	2.1000E+2
191.50,	1.594,	2.0900E+2
191.60,	1.595,	2.0900E+2
191.70,	1.595,	2.0900E+2
191.80,	1.596,	2.0900E+2
191.90,	1.597,	2.0900E+2
192.00,	1.598,	2.0900E+2
192.10,	1.599,	2.0900E+2
192.20,	1.599,	2.0900E+2
192.30,	1.600,	2.1000E+2
192.40,	1.601,	2.1000E+2
192.50,	1.602,	2.1100E+2
192.60,	1.602,	2.1000E+2
192.70,	1.603,	2.1000E+2
192.80,	1.604,	2.1000E+2
192.90,	1.605,	2.1100E+2
193.00,	1.606,	2.1100E+2
193.10,	1.607,	2.1000E+2
193.20,	1.607,	2.1000E+2
193.30,	1.608,	2.1000E+2
193.40,	1.609,	2.1000E+2
193.50,	1.610,	2.1000E+2
193.60,	1.611,	2.1200E+2
193.70,	1.612,	2.1100E+2
193.80,	1.613,	2.1200E+2
193.90,	1.613,	2.1100E+2
194.00,	1.614,	2.1100E+2
194.10,	1.615,	2.1200E+2
194.20,	1.616,	2.1200E+2
194.30,	1.617,	2.1100E+2
194.40,	1.617,	2.1100E+2
194.50,	1.618,	2.1100E+2
194.60,	1.619,	2.1200E+2
194.70,	1.620,	2.1200E+2
194.80,	1.620,	2.1200E+2
194.90,	1.621,	2.1100E+2
195.00,	1.622,	2.1100E+2
195.10,	1.623,	2.1200E+2
195.20,	1.624,	2.1300E+2
195.30,	1.625,	2.1200E+2
195.40,	1.626,	2.1200E+2
195.50,	1.627,	2.1300E+2
195.60,	1.627,	2.1500E+2
195.70,	1.628,	2.1400E+2
195.80,	1.629,	2.1300E+2
195.90,	1.630,	2.1300E+2
196.00,	1.631,	2.1300E+2
196.10,	1.631,	2.1400E+2
196.20,	1.632,	2.1500E+2
196.30,	1.633,	2.1300E+2
196.40,	1.634,	2.1300E+2
196.50,	1.634,	2.1400E+2
196.60,	1.635,	2.1400E+2
196.70,	1.636,	2.1300E+2
196.80,	1.637,	2.1400E+2
196.90,	1.638,	2.1500E+2
197.00,	1.639,	2.1600E+2
197.10,	1.640,	2.1400E+2
197.20,	1.641,	2.1500E+2
197.30,	1.641,	2.1500E+2
197.40,	1.642,	2.1500E+2
197.50,	1.643,	2.1600E+2
197.60,	1.644,	2.1400E+2
197.70,	1.645,	2.1500E+2
197.80,	1.645,	2.1600E+2
197.90,	1.646,	2.1600E+2
198.00,	1.647,	2.1600E+2
198.10,	1.648,	2.1600E+2
198.20,	1.649,	2.1600E+2
198.30,	1.649,	2.1800E+2
198.40,	1.650,	2.1700E+2
198.50,	1.651,	2.1700E+2
198.60,	1.652,	2.1700E+2
198.70,	1.653,	2.1700E+2
198.80,	1.654,	2.1600E+2
198.90,	1.655,	2.1600E+2
199.00,	1.656,	2.1700E+2
199.10,	1.656,	2.1600E+2
199.20,	1.657,	2.1800E+2
199.30,	1.658,	2.1700E+2
199.40,	1.659,	2.1800E+2
199.50,	1.660,	2.1800E+2
199.60,	1.661,	2.1800E+2
199.70,	1.661,	2.1700E+2
199.80,	1.662,	2.1800E+2
199.90,	1.663,	2.1700E+2
200.00,	1.664,	2.1800E+2
200.10,	1.664,	2.1900E+2
200.20,	1.665,	2.1800E+2
200.30,	1.666,	2.1900E+2
200.40,	1.667,	2.1800E+2
200.50,	1.668,	2.1900E+2
200.60,	1.669,	2.1800E+2
200.70,	1.670,	2.1900E+2
200.80,	1.671,	2.1900E+2
200.90,	1.671,	2.1900E+2
201.00,	1.672,	2.1900E+2
201.10,	1.673,	2.2000E+2
201.20,	1.674,	2.1900E+2
201.30,	1.675,	2.2000E+2
201.40,	1.676,	2.1900E+2
201.50,	1.677,	2.2000E+2
201.60,	1.677,	2.2000E+2
201.70,	1.678,	2.2100E+2
201.80,	1.679,	2.2000E+2
201.90,	1.680,	2.2100E+2
202.00,	1.681,	2.2000E+2
202.10,	1.681,	2.1900E+2
202.20,	1.682,	2.2100E+2
202.30,	1.683,	2.2000E+2
202.40,	1.684,	2.2100E+2
202.50,	1.685,	2.2000E+2
202.60,	1.686,	2.2100E+2
202.70,	1.687,	2.2100E+2
202.80,	1.688,	2.2000E+2
202.90,	1.688,	2.2100E+2
203.00,	1.689,	2.2200E+2
203.10,	1.690,	2.2200E+2
203.20,	1.691,	2.2200E+2
203.30,	1.692,	2.2200E+2
203.40,	1.692,	2.2200E+2
203.50,	1.693,	2.2300E+2
203.60,	1.694,	2.2300E+2
203.70,	1.695,	2.2200E+2
203.80,	1.696,	2.2100E+2
203.90,	1.696,	2.2300E+2
204.00,	1.697,	2.2300E+2
204.10,	1.698,	2.2300E+2
204.20,	1.699,	2.2200E+2
204.30,	1.700,	2.2300E+2
204.40,	1.701,	2.2300E+2
204.50,	1.702,	2.2400E+2
204.60,	1.702,	2.2400E+2
204.70,	1.703,	2.2300E+2
204.80,	1.704,	2.2400E+2
204.90,	1.705,	2.2400E+2
205.00,	1.706,	2.2400E+2
205.10,	1.707,	2.2400E+2
205.20,	1.708,	2.2400E+2
205.30,	1.709,	2.2400E+2
205.40,	1.709,	2.2400E+2
205.50,	1.710,	2.2500E+2
205.60,	1.711,	2.2400E+2
205.70,	1.712,	2.2400E+2
205.80,	1.712,	2.2600E+2
205.90,	1.713,	2.2500E+2
206.00,	1.714,	2.2600E+2
206.10,	1.715,	2.2500E+2
206.20,	1.716,	2.2500E+2
206.30,	1.717,	2.2500E+2
206.40,	1.717,	2.2600E+2
206.50,	1.719,	2.2500E+2
206.60,	1.719,	2.2600E+2
206.70,	1.720,	2.2600E+2
206.80,	1.721,	2.2600E+2
206.90,	1.722,	2.2700E+2
207.00,	1.723,	2.2600E+2
207.10,	1.724,	2.2600E+2
207.20,	1.724,	2.2700E+2
207.30,	1.725,	2.2600E+2
207.40,	1.726,	2.2600E+2
207.50,	1.727,	2.2600E+2
207.60,	1.727,	2.2600E+2
207.70,	1.728,	2.2600E+2
207.80,	1.729,	2.2600E+2
207.90,	1.730,	2.2700E+2
208.00,	1.731,	2.2800E+2
208.10,	1.732,	2.2700E+2
208.20,	1.733,	2.2700E+2
208.30,	1.734,	2.2800E+2
208.40,	1.734,	2.2800E+2
208.50,	1.735,	2.2800E+2
208.60,	1.736,	2.2700E+2
208.70,	1.737,	2.2900E+2
208.80,	1.738,	2.2800E+2
208.90,	1.739,	2.2800E+2
209.00,	1.740,	2.2800E+2
209.10,	1.740,	2.2900E+2
209.20,	1.741,	2.2900E+2
209.30,	1.742,	2.2800E+2
209.40,	1.743,	2.2800E+2
209.50,	1.743,	2.2800E+2
209.60,	1.744,	2.2900E+2
209.70,	1.745,	2.2800E+2
209.80,	1.746,	2.3000E+2
209.90,	1.747,	2.3000E+2
210.00,	1.748,	2.3000E+2
210.10,	1.748,	2.2900E+2
210.20,	1.750,	2.2900E+2
210.30,	1.750,	2.3000E+2
210.40,	1.751,	2.3100E+2
210.50,	1.752,	2.2900E+2
210.60,	1.753,	2.3000E+2
210.70,	1.754,	2.3000E+2
210.80,	1.755,	2.3000E+2
210.90,	1.755,	2.3000E+2
211.00,	1.756,	2.3000E+2
211.10,	1.757,	2.3000E+2
211.20,	1.758,	2.3000E+2
211.30,	1.758,	2.3000E+2
211.40,	1.759,	2.3200E+2
211.50,	1.760,	2.3100E+2
211.60,	1.761,	2.3100E+2
211.70,	1.762,	2.3100E+2
211.80,	1.763,	2.3000E+2
211.90,	1.763,	2.3100E+2
212.00,	1.764,	2.3200E+2
212.10,	1.765,	2.3200E+2
212.20,	1.766,	2.3100E+2
212.30,	1.767,	2.3200E+2
212.40,	1.768,	2.3300E+2
212.50,	1.769,	2.3200E+2
212.60,	1.770,	2.3200E+2
212.70,	1.771,	2.3100E+2
212.80,	1.771,	2.3200E+2
212.90,	1.772,	2.3200E+2
213.00,	1.773,	2.3200E+2
213.10,	1.774,	2.3200E+2
213.20,	1.774,	2.3200E+2
213.30,	1.775,	2.3200E+2
213.40,	1.776,	2.3300E+2
213.50,	1.777,	2.3300E+2
213.60,	1.778,	2.3300E+2
213.70,	1.779,	2.3300E+2
213.80,	1.780,	2.3300E+2
213.90,	1.780,	2.3300E+2
214.00,	1.781,	2.3300E+2
214.10,	1.782,	2.3300E+2
214.20,	1.783,	2.3400E+2
214.30,	1.784,	2.3400E+2
214.40,	1.785,	2.3400E+2
214.50,	1.786,	2.3400E+2
214.60,	1.786,	2.3500E+2
214.70,	1.787,	2.3400E+2
214.80,	1.788,	2.3600E+2
214.90,	1.789,	2.3400E+2
215.00,	1.789,	2.3300E+2
215.10,	1.790,	2.3500E+2
215.20,	1.791,	2.3500E+2
215.30,	1.792,	2.3300E+2
215.40,	1.793,	2.3400E+2
215.50,	1.793,	2.3400E+2
215.60,	1.794,	2.3500E+2
215.70,	1.795,	2.3600E+2
215.80,	1.796,	2.3500E+2
215.90,	1.797,	2.3700E+2
216.00,	1.798,	2.3400E+2
216.10,	1.799,	2.3600E+2
216.20,	1.800,	2.3600E+2
216.30,	1.801,	2.3500E+2
216.40,	1.801,	2.3600E+2
216.50,	1.802,	2.3600E+2
216.60,	1.803,	2.3700E+2
216.70,	1.804,	2.3700E+2
216.80,	1.804,	2.3600E+2
216.90,	1.805,	2.3700E+2
217.00,	1.806,	2.3600E+2
217.10,	1.807,	2.3600E+2
217.20,	1.807,	2.3600E+2
217.30,	1.808,	2.3900E+2
217.40,	1.809,	2.3400E+2
217.50,	1.810,	2.3900E+2
217.60,	1.811,	2.3700E+2
217.70,	1.812,	2.3700E+2
217.80,	1.813,	2.3900E+2
217.90,	1.814,	2.3900E+2
218.00,	1.814,	2.4000E+2
218.10,	1.815,	2.3800E+2
218.20,	1.816,	2.3700E+2
218.30,	1.817,	2.3600E+2
218.40,	1.818,	2.3900E+2
218.50,	1.818,	2.3900E+2
218.60,	1.819,	2.4000E+2
218.70,	1.820,	2.3600E+2
218.80,	1.821,	2.3800E+2
218.90,	1.821,	2.4000E+2
219.00,	1.822,	2.3700E+2
219.10,	1.823,	2.4100E+2
219.20,	1.824,	2.3900E+2
219.30,	1.825,	2.3700E+2
219.40,	1.826,	2.3900E+2
219.50,	1.827,	2.3700E+2
219.60,	1.827,	2.3900E+2
219.70,	1.828,	2.4100E+2
219.80,	1.829,	2.4200E+2
219.90,	1.830,	2.3800E+2
220.00,	1.831,	2.3700E+2
220.10,	1.832,	2.4000E+2
220.20,	1.832,	2.4000E+2
220.30,	1.833,	2.3900E+2
220.40,	1.834,	2.3900E+2
220.50,	1.835,	2.3800E+2
220.60,	1.836,	2.3900E+2
220.70,	1.836,	2.3800E+2
220.80,	1.837,	2.3900E+2
220.90,	1.838,	2.4200E+2
221.00,	1.839,	2.4200E+2
221.10,	1.839,	2.3900E+2
221.20,	1.840,	2.3800E+2
221.30,	1.841,	2.4000E+2
221.40,	1.842,	2.4400E+2
221.50,	1.843,	2.4300E+2
221.60,	1.844,	2.4200E+2
221.70,	1.845,	2.4200E+2
221.80,	1.846,	2.4200E+2
221.90,	1.846,	2.4000E+2
222.00,	1.847,	2.4000E+2
222.10,	1.848,	2.4200E+2
222.20,	1.849,	2.4300E+2
222.30,	1.849,	2.4100E+2
222.40,	1.850,	2.4100E+2
222.50,	1.851,	2.4500E+2
222.60,	1.852,	2.4100E+2
222.70,	1.852,	2.4200E+2
222.80,	1.853,	2.4400E+2
222.90,	1.854,	2.4300E+2
223.00,	1.855,	2.4500E+2
223.10,	1.856,	2.4300E+2
223.20,	1.857,	2.4500E+2
223.30,	1.858,	2.4300E+2
223.40,	1.859,	2.4300E+2
223.50,	1.860,	2.4300E+2
223.60,	1.860,	2.4300E+2
223.70,	1.861,	2.4600E+2
223.80,	1.862,	2.4400E+2
223.90,	1.863,	2.4500E+2
224.00,	1.864,	2.4300E+2
224.10,	1.864,	2.4500E+2
224.20,	1.865,	2.4400E+2
224.30,	1.866,	2.4300E+2
224.40,	1.867,	2.4300E+2
224.50,	1.867,	2.4600E+2
224.60,	1.868,	2.4500E+2
224.70,	1.869,	2.4400E+2
224.80,	1.870,	2.4400E+2
224.90,	1.871,	2.4500E+2
225.00,	1.872,	2.4500E+2
225.10,	1.872,	2.4500E+2
225.20,	1.873,	2.4500E+2
225.30,	1.874,	2.4500E+2
225.40,	1.875,	2.4600E+2
225.50,	1.876,	2.4600E+2
225.60,	1.877,	2.4600E+2
225.70,	1.878,	2.4700E+2
225.80,	1.878,	2.4600E+2
225.90,	1.879,	2.4700E+2
226.00,	1.880,	2.4700E+2
226.10,	1.881,	2.4600E+2
226.20,	1.882,	2.4700E+2
226.30,	1.882,	2.4600E+2
226.40,	1.883,	2.4700E+2
226.50,	1.884,	2.4700E+2
226.60,	1.885,	2.4700E+2
226.70,	1.885,	2.4600E+2
226.80,	1.886,	2.4600E+2
226.90,	1.887,	2.4700E+2
227.00,	1.888,	2.4700E+2
227.10,	1.889,	2.4700E+2
227.20,	1.890,	2.4800E+2
227.30,	1.891,	2.4800E+2
227.40,	1.892,	2.4800E+2
227.50,	1.893,	2.4900E+2
227.60,	1.893,	2.4700E+2
227.70,	1.894,	2.4700E+2
227.80,	1.895,	2.4900E+2
227.90,	1.896,	2.4800E+2
228.00,	1.896,	2.4900E+2
228.10,	1.897,	2.4900E+2
228.20,	1.898,	2.4900E+2
228.30,	1.899,	2.4900E+2
228.40,	1.900,	2.4900E+2
228.50,	1.901,	2.5000E+2
228.60,	1.901,	2.5100E+2
228.70,	1.902,	2.4900E+2
228.80,	1.903,	2.5000E+2
228.90,	1.904,	2.5000E+2
229.00,	1.905,	2.5100E+2
229.10,	1.906,	2.5000E+2
229.20,	1.907,	2.5000E+2
229.30,	1.908,	2.5000E+2
229.40,	1.908,	2.5100E+2
229.50,	1.909,	2.5100E+2
229.60,	1.910,	2.5100E+2
229.70,	1.911,	2.5100E+2
229.80,	1.911,	2.5100E+2
229.90,	1.912,	2.5000E+2
230.00,	1.913,	2.5100E+2
230.10,	1.914,	2.5000E+2
230.20,	1.915,	2.5100E+2
230.30,	1.915,	2.5100E+2
230.40,	1.916,	2.5200E+2
230.50,	1.917,	2.5200E+2
230.60,	1.918,	2.5200E+2
230.70,	1.919,	2.5200E+2
230.80,	1.920,	2.5100E+2
230.90,	1.921,	2.5200E+2
231.00,	1.922,	2.5200E+2
231.10,	1.923,	2.5300E+2
231.20,	1.923,	2.5300E+2
231.30,	1.924,	2.5200E+2
231.40,	1.925,	2.5300E+2
231.50,	1.926,	2.5200E+2
231.60,	1.927,	2.5200E+2
231.70,	1.927,	2.5300E+2
231.80,	1.928,	2.5400E+2
231.90,	1.929,	2.5400E+2
232.00,	1.930,	2.5300E+2
232.10,	1.931,	2.5300E+2
232.20,	1.931,	2.5300E+2
232.30,	1.932,	2.5300E+2
232.40,	1.933,	2.5300E+2
232.50,	1.934,	2.5400E+2
232.60,	1.935,	2.5300E+2
232.70,	1.936,	2.5400E+2
232.80,	1.937,	2.5400E+2
232.90,	1.938,	2.5500E+2
233.00,	1.938,	2.5500E+2
233.10,	1.939,	2.5500E+2
233.20,	1.940,	2.5600E+2
233.30,	1.941,	2.5400E+2
233.40,	1.942,	2.5500E+2
233.50,	1.942,	2.5400E+2
233.60,	1.943,	2.5500E+2
233.70,	1.944,	2.5500E+2
233.80,	1.945,	2.5500E+2
233.90,	1.946,	2.5500E+2
234.00,	1.946,	2.5600E+2
234.10,	1.947,	2.5500E+2
234.20,	1.948,	2.5600E+2
234.30,	1.949,	2.5500E+2
234.40,	1.950,	2.5600E+2
234.50,	1.951,	2.5600E+2
234.60,	1.952,	2.5600E+2
234.70,	1.953,	2.5700E+2
234.80,	1.954,	2.5700E+2
234.90,	1.955,	2.5600E+2
235.00,	1.955,	2.5600E+2
235.10,	1.956,	2.5700E+2
235.20,	1.957,	2.5600E+2
235.30,	1.958,	2.5800E+2
235.40,	1.958,	2.5700E+2
235.50,	1.959,	2.5800E+2
235.60,	1.960,	2.5700E+2
235.70,	1.961,	2.5700E+2
235.80,	1.962,	2.5800E+2
235.90,	1.962,	2.5800E+2
236.00,	1.963,	2.5700E+2
236.10,	1.964,	2.5700E+2
236.20,	1.965,	2.5800E+2
236.30,	1.966,	2.5800E+2
236.40,	1.967,	2.5800E+2
236.50,	1.967,	2.5900E+2
236.60,	1.968,	2.5800E+2
236.70,	1.969,	2.5900E+2
236.80,	1.970,	2.5900E+2
236.90,	1.971,	2.5800E+2
237.00,	1.972,	2.5900E+2
237.10,	1.972,	2.5800E+2
237.20,	1.973,	2.5800E+2
237.30,	1.974,	2.6000E+2
237.40,	1.975,	2.5900E+2
237.50,	1.976,	2.5900E+2
237.60,	1.976,	2.5900E+2
237.70,	1.977,	2.6000E+2
237.80,	1.978,	2.6000E+2
237.90,	1.979,	2.6000E+2
238.00,	1.980,	2.6000E+2
238.10,	1.981,	2.6000E+2
238.20,	1.982,	2.6000E+2
238.30,	1.982,	2.6000E+2
238.40,	1.983,	2.6000E+2
238.50,	1.984,	2.6000E+2
238.60,	1.985,	2.6000E+2
238.70,	1.986,	2.6100E+2
238.80,	1.987,	2.6100E+2
238.90,	1.988,	2.6100E+2
239.00,	1.988,	2.6100E+2
239.10,	1.989,	2.6100E+2
239.20,	1.990,	2.6300E+2
239.30,	1.991,	2.6100E+2
239.40,	1.992,	2.6200E+2
239.50,	1.992,	2.6200E+2
239.60,	1.993,	2.6200E+2
239.70,	1.994,	2.6200E+2
239.80,	1.995,	2.6200E+2
239.90,	1.996,	2.6300E+2
240.00,	1.997,	2.6200E+2
240.10,	1.997,	2.6200E+2
240.20,	1.998,	2.6200E+2
240.30,	1.999,	2.6300E+2
240.40,	2.000,	2.6200E+2
240.50,	2.001,	2.6200E+2
240.60,	2.002,	2.6300E+2
240.70,	2.003,	2.6300E+2
240.80,	2.003,	2.6200E+2
240.90,	2.004,	2.6400E+2
241.00,	2.005,	2.6300E+2
241.10,	2.006,	2.6400E+2
241.20,	2.007,	2.6400E+2
241.30,	2.007,	2.6400E+2
241.40,	2.008,	2.6500E+2